3960 6448
0	1.9	12
0	0.95	12
0.377464	1.25	12
0.00296436	1.3	11.8
0.0130735	0.65	11.6
0.0110525	1.5	11.6
0	0.9	11.2
0	0.95	11.2
0.00352687	2.05	11.2
0.0569812	2.6	10.8
0.595601	2.1	10.8
0.00963823	1.75	10.8
0	1.35	10.8
0	1.65	10.8
0.0294079	1.6	10.8
0.095664	1.95	10.8
0.123504	2.65	10.4
0.0721904	1.75	10.4
0.0747375	1.45	10.4
0	1.25	10.4
0.00261299	1.05	10.4
0	0.7	10.4
0.0448425	1.15	10.4
0	0.75	10.4
0.186337	0.8	10.4
0.229192	1.4	10.4
1.15747	0.35	10.7
1.58432	0.25	10.9
0.292694	1.4	11.2
0	1.2	11.2
0.015279	1.55	11
0	1.55	10.6
0.0159518	2.1	10
0.615935	1.85	10
0.170493	1.75	9.9
0.0169459	1.95	9.8
0.201415	2.4	9.3
0.0158842	1.4	9
0.00359681	2.75	9.2
0	1.9	9.6
0	2.3	9.6
0	2.45	9.6
0	1.15	9.3
0	2.25	9.3
0.0627795	3	9.3
0.00700753	1.8	9.3
0.0849342	0.95	9.3
0.0239384	0.75	9.3
0.00783896	1.4	9.3
0	2.35	9.3
0	3.2	9.3
0	2.4	9.3
0	3	9.3
0	2.75	9.3
0.721215	2.9	9.3
0.240571	2.8	9.4
0.158067	2.1	9.7
0	2.1	10.1
0.0142817	2.85	10.1
0.0834043	3	9.9
0.830254	2.3	9.7
1.03207	1.6	9.7
5.41161	3	9.9
0.488395	2.3	10.7
0.0393444	2.45	11
0.020505	3.25	11
0.443696	2.55	10.6
0.0826718	3.15	10.5
1.14246	3.6	10.5
0.675841	3.45	10.5
0.133659	3.55	11.1
0.854	2.6	12.2
0.761437	2.7	12.9
0.0352687	3.75	13
0	3.9	12.5
0	4.95	11.8
0.033324	4.9	11.2
0	4.4	11.2
0.0393444	6.15	11.4
1.61043	1.15	11.9
1.68563	1.4	12.7
0.0285634	4	13.7
0.0952113	3.65	14.1
0.390658	3.15	14.1
0.0461089	2.3	13.9
0.119716	2.2	13.3
1.30829	2.25	12.6
0.181928	2	12.3
0	4.85	11.5
2.3552	2.65	11.2
0	2.45	11.6
0	2.4	12.2
0	3.5	12.5
0.163498	4.3	12.5
2.71378	3.85	12.1
1.86867	3.85	13.9
0	3.2	17.8
0.0310168	3.5	18.5
0.0961246	2.95	17.5
0.552169	4	17.3
11.0481	2.9	18.1
0.275739	4.85	19
2.34499	3.7	21.1
0.00570079	2.65	24.6
0	4.9	23.9
0.0104519	4.55	23
0.0130649	4.7	21.1
0	5.9	21.3
0.0891275	5.75	21.7
0.076395	4.85	19.9
4.04391	5.95	17.5
3.23611	3.4	15.6
0.0891275	7.1	15.2
6.38207	3.6	15.3
1.79276	2.55	18.4
0.028536	3.8	20.1
0.0190083	4.4	20.9
0	4.25	20.3
0	5.3	19.5
0	4.6	19.8
0.0113391	9.7	19.2
0	7.8	17.5
0.215244	7.05	16.1
0	6.9	14.3
0.136562	4.5	13
1.16582	4.8	12.5
10.3338	4.1	12.5
0.00889308	5.6	13.7
0.00236558	6.65	14.6
8.63168	3.4	15.1
11.8953	2.65	15.5
1.66059	4.7	18.7
0.00368417	3.65	72.3
14.9605	5.15	52.3
0.449624	6.4	48.2
2.00857	5.95	86.4
0.522924	3.1	60.3
4.63133	3.6	44
0	3.9	34.9
0.417238	6.05	30.8
0.0922938	4.85	28.7
2.96709	4.3	24.6
0.471697	6.6	22
5.89174	4.1	20.4
6.90984	3.8	21.2
0.148492	5.3	25.3
0	8.4	32.4
0.148473	5.3	32.9
0	5.35	25.4
1.0693	8.05	21.9
7.15647	8.7	19
12.3049	4.15	17.5
0.274993	5	28.7
0.147487	4.75	64.2
0.292368	7.1	39.4
1.56104	5.35	28.7
2.08648	3.8	24.1
0.754401	5.45	22.2
0	4.3	21.1
1.18396	4.65	19.4
5.13189	3.45	17.5
0.272423	4.55	16.5
0	7.1	16.2
0.0025465	8.9	15.1
0	9.8	13.8
0	9.55	12.3
29.916	5.75	15.2
1.08147	5.8	71.5
1.82179	5.9	69.4
4.42405	4.75	44.1
0.226532	6.55	38.1
0.0242017	5.95	35.3
2.6601	4.75	29
18.424	5.05	26.6
18.4826	1.05	96.6
1.46676	3.05	214
0	4.15	195
0	7.15	106
0.57514	5.5	69.8
4.19756	5.9	52.6
3.20672	6.55	43.3
4.13379	5.5	50.8
12.133	2.35	48.2
52.0991	1	52.9
6.87047	0.9	749
0	4.3	595
0	6.2	221
0.00736834	6.05	128
7.08678	3.95	86.4
9.82609	1.5	70.8
4.63344	0.4	72.1
1.18346	0.75	100
2.88151	1.15	112
0.667604	1.9	90.4
0	3.1	86.6
4.50287	4.95	67.2
10.1065	4.8	59
0.621317	3.55	72.2
2.75712	5.75	69.7
3.22479	5.45	58.3
1.7242	6.65	58.6
0	6.75	63.3
0	7.9	53.9
0	7.5	44
0.342091	8.4	37.9
1.6432	7.8	33.1
0.598585	6.75	30.1
1.11526	4.75	29.2
2.14518	6.05	27.3
6.76007	7.05	25.5
13.0321	4.3	29.4
0.567953	5.65	63.5
0.590427	6.3	50.8
2.89384	4.2	37
10.3572	5.4	30.4
11.7328	3.7	40.6
1.46904	4.5	218
0	7.65	118
0	5.8	74.5
0	2.8	54.7
0	4.6	45
1.39598	3.8	38
0.00784753	5.2	33.4
0.314783	3.95	30.5
0	3.35	28.6
0	3.4	25.1
1.31389	5.1	22
0.546653	4.55	21
2.34608	3.75	18.8
1.50014	3.15	19.6
2.25394	3.2	17.4
0.368285	3.5	17
10.8344	0.3	19.2
2.33939	1.7	28.2
9.17608	1.9	25.7
53.7015	0.8	65.6
2.88466	2.7	507
0.0882791	3.7	257
20.9611	1.95	127
8.17391	0.65	362
0.0881717	2.45	311
0	2	155
0.005093	2.55	107
0.005093	2.8	87.7
0	3.6	69
0	3.35	55
7.28787	2.35	45.2
12.2119	0.6	40.6
5.27804	0.9	55.3
0.209115	1.9	75.6
17.9553	1.95	59.4
4.95279	0.6	134
0.104627	1.8	179
0	2.5	121
0	2.9	89.9
0.487929	1.2	71.7
19.3256	2.1	59.3
16.1828	2.3	50.6
6.29136	2.05	280
1.0358	2.1	291
4.59406	2.3	204
0	4.2	153
0.00285039	3.3	126
1.18553	1.6	101
6.10122	2.3	86.3
0.0266657	2.95	83
0	3.8	77
0.0235169	4.3	66.9
0	4.15	60
0.0209039	2.35	55.1
1.14449	2.15	50.7
0.357965	2.2	46.6
2.63746	1.75	44.4
0.0141361	2.2	43.7
1.07011	1.45	41.8
1.78028	0.8	39.6
0.230049	0.85	38.3
1.58729	0.35	36.8
0.25478	1.45	35.3
0	3.25	34
1.42296	2.95	32.3
57.3589	2.6	31.1
12.2596	1.45	600
7.26136	2.75	612
9.91258	2.3	272
0.582816	1.9	286
0.484712	1.45	259
8.52389	1	193
3.75676	1	179
0.0156779	2.5	198
0.0261299	1.4	167
0	1.65	135
0.0339688	1.5	110
0.464739	3.2	94.3
2.28768	3	83.4
0.10668	3.25	77.2
0.518582	2.3	76.9
0	3.5	70.1
0.194318	1.7	63.2
0.0209924	1.55	58.1
0.133262	2.3	53.9
1.12642	1.8	51.5
1.80363	1.2	50.3
1.6057	1.3	49.3
2.47807	1.6	47
0.156498	2.15	45.7
0.160462	2	46
0.875124	0.8	44.5
0	0.5	43.2
0	1.1	41
0	1.1	39.4
1.61228	1.85	37.9
3.331	1.15	36.7
0	1.2	38
0	1.25	37.8
0	1.6	35.6
0	2.2	34.6
0	1.75	33.2
0.120645	2.75	32.6
0	3.05	32
0	2.15	31.2
0.00963823	0.7	30.5
1.15478	1.1	29.4
1.17859	1.6	28.8
0.100319	1.15	28
1.99071	0.45	28
4.8486	1.3	30.1
1.61781	0.75	31.7
0	0.85	35.4
0	1.6	34.8
0	1.75	32.2
0	0.85	30.8
0	2.25	29.4
0	1.9	28.4
0.0212902	1.8	27.7
0.183466	1.3	26.6
0	1.1	25.5
0.0182909	1.95	25
0	1.95	24.4
0	1.65	23.8
0	1.55	23.1
0	1.3	23
0.197307	2.2	22.7
0.0807165	2	22.3
0	2.4	21.8
0	2.05	21.1
0	1.15	20.5
0	1.45	19.9
0.152465	1.65	19.8
0.212129	1.55	19.8
0	1.55	19.3
0	2.05	19.2
0	1.3	19.2
0	1.25	18.7
0	1.65	18.6
0	2.1	18.6
0	1.35	18.1
0	1	18
0	1	17.6
0	1.5	17.5
0	1.05	17.5
0	1.4	17
0	0.75	16.9
0	0.8	16.4
0	1.25	15.9
0	1.2	15.8
0	2.8	15.8
0	1.45	15.8
0.014252	1	15.8
0.0110525	2.35	15.2
0.156993	1.4	15.1
0.0613624	0.85	15.1
0.039781	0.85	15.1
0.309769	0.5	15.1
0.50976	1.85	15.1
0	1.7	15.1
0	1.85	15.1
0	1.8	14.6
0	2	14.5
0	1.85	14.1
0	2.25	14
0	2.3	14
0	2	14
0.0205798	1.7	14
0.846667	2.45	14
1.85556	1	14
0.36351	1	14.4
1.7742	0.2	14.5
0.325162	0.65	14.5
0.475148	0.9	14.5
0.937875	0.6	14.5
0.0818523	1.15	14.1
0	1	14
0.035874	1.05	13.6
0.0380525	0.95	13.5
0.0330181	1	13.5
0	1.35	13.5
0	2.05	13.5
0	2.5	13.5
0	2.15	13.5
0	1.95	13.5
0	2.25	13.5
0	2.65	13.5
0	1.85	13.5
0	3.65	13.5
0	2.9	13.1
0	3.35	13.1
0	3.3	12.7
0.923813	1.65	12.6
0	3.1	12.6
0.00261299	3.3	12.6
9.48711	0.2	13.4
1.23487	0.6	16.2
0.293476	1.2	17.8
2.47143	0.2	16.5
0.516524	1.65	16.4
0	2.65	15.8
0	1.3	15.2
0	3.45	15.1
0.236304	2.7	14.6
0.005093	2.8	14.5
0.00522597	3.05	14.5
0.0521494	2.4	14
0.0163142	1.6	13.5
0.0405259	1.8	13.1
0.138972	2.2	13.1
0.053811	1.55	12.7
0.213163	3.05	12.6
0	3.6	12.6
0	3.8	12.6
0	4.2	12.1
0	4.4	11.7
0	4.55	11.7
0	4.65	11.7
0	3.05	11.7
0	4	11.3
0	4.35	11.6
0	4.25	11.7
0	6.2	11.7
0	4.4	11.3
0	5.45	11.2
0	4.85	11.2
0.113266	5.35	11.6
0.0303579	4.45	11.7
0	6.45	11.3
5.44017	1.35	11.2
12.9381	1.4	11.4
16.416	1.6	14.2
0.293892	2.6	60.7
0.00236558	3.9	75.8
0.525279	4.55	51.2
9.11182	0.55	41.9
1.26146	0.9	56
5.70079	0.05	54.9
0.196042	1.5	75.5
1.65431	0.4	62.3
8.83674	0.35	52.1
9.98475	0.1	62.4
0.363382	1.15	123
0.0127325	3.4	118
0.0296902	2.75	101
0.0379922	2.05	88.4
3.99603	0.95	73.4
0	1.55	62.8
0.246464	3.2	57.4
0.0110168	3.25	52
2.3985	4.8	48.1
0.276421	5.25	45.4
0.524731	3.8	40.1
0.592861	2.5	36.6
0.0830837	4.6	35.9
13.2624	2.35	34
10.0486	0.6	39.5
1.83634	2.2	99.4
8.29503	0.95	128
0.0342045	1.25	123
0	5.1	140
0	4.3	112
0.359655	9.35	87.6
0.4988	2.25	70.3
0.0393444	4	60.2
0	6.2	52.6
0.0178255	6	45.3
0.0076395	6.9	39.8
0.0396501	6.2	35.9
0.226015	1.4	33.3
0	10.9	31.8
0	7.75	29.6
0	6.1	27.2
0.147132	6.2	25.4
0	6	24.3
0	6.55	23.3
0.0548727	7.35	22.5
0	7.8	21.5
11.756	8.5	20.8
0.246828	3.95	24.3
0.463239	3.9	33.8
0.168367	4.6	29.7
3.86025	1.05	24.9
0.0209265	5.2	23.3
0	8.9	21.9
0	7.7	20.5
0	6.55	18.6
0	5.5	17.8
0	5.95	16.6
0.0659058	6.7	15.9
1.08024	2.35	15.1
0.743758	4.1	15
0	6.3	15
0.0184208	5.55	14.8
0.00352687	7.15	14.4
0.0993362	6.5	13.6
1.01675	10.45	13
16.352	2.7	12.7
0.660023	4.1	14.7
0	6.5	18.4
0	8.15	17.9
0	5.85	15.8
0.463498	4.8	14
0.00970842	2.55	13
0	6.55	12.2
0	7.8	11.8
0.140447	6.4	11.5
0.374852	3.85	11.2
10.3186	1.3	11.9
1.44686	4.75	15.7
5.07946	4.5	15.5
0	6.5	17
0	7.65	15.9
0.0287429	9.05	13.5
0.0940675	9.6	11.7
0	9.7	10.6
0	10	10
0	10.8	9.66
0	10.7	9.06
4.80157	9.9	8.73
2.52838	8.4	9.25
2.42594	7.55	10.4
20.3881	1.85	10.8
32.5872	1.75	20.5
14.3316	0.8	148
0.381496	4.1	185
0.156779	5	83.1
0.638877	5.8	49.8
0.6566	6	36.1
4.88812	7.65	28.3
0.0955573	5.45	32.2
3.93136	7	29.8
17.3438	1.05	23.1
46.4545	0	27.5
7.11048	0.7	741
1.24174	2.05	486
1.79255	5.35	231
0.0733548	6.7	142
0.753582	8.4	103
6.01868	1.95	79
16.6991	0.35	66.6
1.47981	1.2	141
2.66985	0.95	173
11.3968	1.6	135
38.1414	0.15	214
0.0444812	2.9	997
0	5.4	416
0.00346461	5.85	210
12.5887	4.85	136
0.348017	5.65	131
0	7.15	125
0	7.35	92.2
0.0627795	7.1	75.4
0	8.25	63.3
3.25015	8.15	54.7
0.0115893	8.85	50.2
4.00447	7.55	51.2
0.808649	5.7	48
4.3645	7.7	51.2
0.438567	6.5	46.9
5.08644	7	57.6
1.13052	5.55	48.6
1.03773	6.25	55.9
0.00368417	7.4	51.3
0.686362	8.5	41.3
1.2271	8.1	35.2
0.0662363	8.1	30.9
2.32387	8.15	30
2.26507	6.7	30.9
10.8991	2.4	28.1
56.3247	2.25	27
1.49573	1.8	356
0.0397751	5.1	276
1.68854	2.3	127
2.53248	0.75	79.3
4.39615	0.4	62.4
4.94936	1.6	61.2
7.823	3.35	113
7.61836	2.7	149
1.74524	2.65	232
3.79212	2.6	171
9.11342	0.95	120
23.5966	0.6	136
12.1554	0.75	441
13.1284	0.9	523
4.36007	0.65	366
0.291765	2.25	405
0	3.95	239
0.781283	2.65	155
9.92962	1.4	115
6.10342	0.3	106
11.7864	0	115
7.25718	0.1	141
4.70134	0.35	242
0.968854	0.8	341
3.79839	0.85	254
10.2576	0.45	181
14.0963	0.3	213
14.449	0.15	433
23.9671	0.1	659
14.6046	0.95	1300
18.1986	0.85	753
11.1106	0.4	804
4.96686	0.45	569
6.0966	1.6	482
2.1562	0.65	327
0.461469	2.1	271
0	3.3	215
0.066315	3.75	177
0.00368417	3.75	155
0.510427	5.1	139
0.0656966	3.75	122
1.2392	3.2	108
0.114103	3.4	99.5
0.0515784	4	92.6
0	4	84.4
0	5.4	79.1
0	4.75	74.6
0	3.55	70.1
9.20784	2.1	66.5
10.1518	1.5	66.6
6.5993	0.4	85.6
12.5972	0.05	93.7
0.366619	1.3	121
1.61036	0.6	115
2.22274	0.35	96.5
2.35547	0.3	93.5
3.94877	0.35	95
1.32329	0.65	90.2
0.21549	3.25	88
0.0337214	2.95	86
0.208295	2.8	78.7
0.067997	2.6	73.1
0	3.8	68.1
0	4.25	63.6
0.48683	1.9	60.3
0.402981	0.4	57.5
0.0657347	1.2	55.5
0.0542223	1.65	53.4
0.545324	1.85	51.8
1.94017	0	50.4
2.36388	0.05	48.4
1.97367	0.05	48.2
0.490689	3.55	50.5
0	3.35	53.4
0	3.45	51.4
0.00346461	2.4	48.1
0.005093	3.25	45.6
0.129051	0.65	43.7
2.38887	0.25	43.1
0.161173	2.3	42.7
0	2.65	41
0.424008	1.25	39.2
7.12212	0.3	38.6
0.703815	1.7	39.8
0.628873	1.2	42
2.6831	1.15	41
7.46782	0.2	40
5.55133	0.05	45.6
0.750578	0.45	66.5
0.299384	0.7	71.9
0.00889308	2.05	63.4
0.109745	2.05	57.3
0	1.3	53.5
0	1.15	50.5
0	1.25	48.4
0.100319	1.8	46.5
0.24445	0.6	45
0.00592872	2.55	44.1
0.054082	3.35	43.6
0.136434	2.85	41.9
0.0106165	0.95	40.1
0.107132	2.3	38.3
0.0110131	2.55	36.7
0.0241986	2.1	35.7
0.892827	0.35	34.5
0.4579	1.8	33.6
0.994459	1.45	32.5
0.160846	0.75	31.9
0.126126	1.5	31.9
0.0392376	1.5	30.9
0.841619	0.55	31
0.00592872	2	30.4
0.140535	1.3	29.2
0.33306	1.85	28
0	0.95	26.5
0	1.35	26
0.0966805	1.85	25.6
0	1.3	25.6
0	1.8	25
0	1.1	24.9
0	0.6	24.3
0	1.75	23.6
0	1.25	23.5
0	1.3	23.5
3.46511	0.5	23.5
0.33416	0.6	23.5
0.344171	1.3	24.1
0.273501	1.5	24.2
0.263068	1.1	23.6
0.22137	2.35	23
0.0757766	1.4	22.9
0	0.95	22.2
0	0.95	21.1
0	1.1	20.5
0	1.5	20.4
0.0311815	1	20.4
0	0.8	20
0	0.6	19.9
0	1.1	19.9
0	1.4	19.4
0.0462205	1.65	19.3
3.45558	0.35	19.8
0.299967	0.65	19.9
0	1	20.3
0	0.65	20.1
0	0.45	20.1
0	0.85	20.1
0	1	19.6
0	0.95	19.2
0	1.65	19.1
0	1.05	18.7
0	1.15	18.7
0	1.45	18.7
0	1.85	18.7
0	3.5	18.3
0.0225567	2.15	18.3
0	2.5	18.3
0	1.65	18.3
0	3.05	18.3
0	1.55	17.9
0	2.85	16.7
0	1.7	16.6
0	1.15	16.2
0.00346461	2.35	16.2
0.0245264	2.75	16.2
0.261495	1.7	16.2
1.402	0.1	16.2
0.969991	0.15	16.7
0.110945	0.75	17.4
0.0133403	1.75	17.5
0.110875	1.35	17
0.50284	1.35	16.6
0.691739	1.35	16.6
0.249075	1.05	16.6
0.105999	0.9	16.6
0.441677	1	16.2
0.633503	0.7	15.9
0.518351	1.35	15.9
0.101098	0.75	16.2
0.116771	1.05	16.2
0.293038	1.05	16.2
0.171431	1.4	16.2
0.317811	1.3	15.9
0.29158	0.9	15.9
0.324026	1.65	15.9
0.061898	1.5	15.9
2.08047	1.35	15.9
2.53567	0.3	15.6
0.69431	0.7	16.3
0.109488	1.35	16.6
0.105842	1.2	16.6
0.161459	0.5	16.4
0.0147367	1.75	16.1
0	2.15	16.1
0.108617	3.05	16.1
0.0482722	2.45	16.1
0.39745	1.1	16.3
0.0392934	2.2	17.3
0.280735	2.9	17.6
0.967286	1.35	17.6
0.0211612	1.3	18
0.242162	2.6	18.1
0	4.1	17.6
0.0783896	2.1	16.9
0.0641405	2.95	16.6
0.074235	0.95	16.6
0.0665413	1.45	16.6
0.904732	0.45	16.6
3.40394	0.1	17.3
0.694314	0.9	18.3
0.129382	2.85	18.6
0	3.3	18.4
0	3.2	18.1
0.00350377	3.9	18.1
0.0642044	4.75	18.6
0.666625	1.15	19.4
0	4	21.8
0.438718	4.3	24.3
8.25192	1	24.6
1.05115	1.05	26.4
1.6245	0.8	30.4
0	1.95	29
0.00481912	3.75	27.5
0.00592872	4.9	26.1
0.206244	5.55	25.9
6.07268	1.75	29.6
4.58745	1.55	37.1
2.85925	0.2	48.1
0.610578	0.7	43.7
0	1.2	37.7
0.896541	0.8	34.7
0.00285039	2.45	36.6
0	2.35	38.6
0.50921	4.15	41.6
11.3999	1.8	51.5
0.244847	4.1	74.1
0.0852254	2.45	84.5
0.0688527	4.45	67.6
0	3.05	54.7
0	4.4	45.9
0.0114396	6.6	40.2
0.062227	6.15	34.9
0.114258	2.55	31.5
0.130291	3.05	30.1
0.00813186	3.75	28.3
0	4.8	26.9
0	6.45	25.9
0	5.1	25.3
0.0118052	5.65	24.4
20.1431	3.75	23.6
2.20164	0.85	30.4
0.0638895	2.1	86
2.46895	0.55	79
0	4.05	60.9
0	3.15	50.5
0	4.55	44.6
0.790581	4.3	39.9
0.868006	2.3	36.4
0.591544	4.3	34.2
3.09367	4.55	32.3
4.37156	2.5	29.7
11.3651	0.45	30.5
4.73432	0.45	42.7
0.197483	3	84.6
0	4.9	81.9
0.0156779	6.75	65.7
0	5.75	54.5
0	5	46.1
0.00709674	6.1	40
0	6.15	35.4
0.00889308	6.2	32.3
3.0944	5.95	29.3
0	4.9	27.2
0	5.55	26.5
7.25039	6.65	25.6
1.40616	2.35	25.7
0.00352687	4.55	26.3
0	6.05	26.1
0	5.35	24.3
0.0173231	6.05	24.5
0	2.65	25.7
0	7.55	24.8
0	8.35	23.1
0	6.9	21.5
0.0219429	7.6	20
0	8.65	18.5
0.00692922	8.05	17.6
0.361765	6.9	16.5
4.9572	4.8	16.1
16.5622	4	16
1.08906	3.6	25
1.98374	1.5	33.8
3.04541	2.85	28.5
0.326224	2.1	24.9
1.22551	3.5	24.2
0.00724431	4.65	21.7
0	5.4	20
0	5.85	19
0	4.95	17.9
0.0581845	3.65	16.9
0.288639	5.2	16.1
0.00855761	6.4	15.6
3.44299	4.85	15
1.45504	6	16.2
0.723506	5.5	15.1
1.477	2.6	14.6
0	7.7	14.1
0.00337364	9.65	13.4
0.380122	8.5	12.4
0	9.95	11.4
0	8.3	10.9
0.00674728	8.95	10.9
0.26308	8.1	10.7
1.33157	8.6	10.1
5.71782	4.45	9.75
1.67206	4.25	9.95
0	8.1	10.8
0	9.25	10.9
0	9.3	10.5
0.0184208	8.45	10.2
15.8602	1.1	9.96
5.35714	0.35	11.2
0.151655	2.95	15.6
0.0819675	3.2	15.9
0	5.05	15.1
0.199373	6.75	14.2
5.20021	7.25	12.5
0.0757766	9.85	11.6
3.2081	5.95	11.2
3.42979	5.3	12.5
1.48197	8.35	13.8
0.6312	5.8	14.7
4.37943	3.3	13.3
2.94521	7.4	12.2
1.95763	4.25	12.2
10.3853	1.9	13.5
41.5954	0.15	17.2
8.44669	0.6	150
0.0350166	3.95	154
2.9504	2.3	72
0.54493	2.1	48.2
0.249043	3.45	41.9
0.00570079	5.75	36.2
1.44601	5.75	30.1
8.18644	6.3	25.6
34.4851	0.4	120
16.5904	0.35	338
0.239545	2.8	405
0	8.05	193
0.109745	6.15	111
5.53283	4.2	75.3
4.89593	2.15	58.4
20.3016	0.25	51
10.778	0.7	199
6.23767	2	253
3.33802	1.55	195
4.82643	3.55	151
4.57119	2.85	178
4.02451	4.8	197
6.46161	2.6	158
0.00406593	5.15	158
2.0634	6.5	111
0.330855	5.2	84.9
2.19586	6.7	84.4
4.35967	6.05	67.5
0	7	69.1
0.0904507	3.95	57.4
5.89775	5.9	49.3
4.32938	5.8	49.9
13.2752	4.8	49.8
9.60016	2	84.2
2.95891	1.8	108
0	6.85	75.8
0.00337364	5.95	62.6
0.705256	4.8	50.1
13.4963	1.55	43.1
8.81762	0.75	42.1
2.48564	3	65.8
28.0027	0.4	87.9
0.320845	1	419
0	3.7	254
0.0988266	4.1	157
2.8169	1.2	120
8.07914	0.4	101
8.94911	0.65	90.4
10.8396	0.25	178
1.76472	1.4	294
0.959444	1.8	307
2.55719	1.65	186
3.61126	1.7	149
15.267	0.95	166
0.37256	4.15	278
1.52274	3.7	303
18.9907	0.45	182
1.20133	2.65	336
0.194626	4.2	279
0.863481	2.4	178
1.09002	2.6	135
5.99781	1.8	112
0.602329	4.05	105
0.243863	2.7	107
0.194677	2.7	90.7
12.3009	0.6	81.2
1.54753	0.95	97.7
0.00296436	3.15	118
0	4.3	96.7
0.411223	4.6	82
9.13759	1	69.8
2.38635	1.6	66
3.27298	1.45	71.6
7.78242	0.7	84.3
10.6764	0.6	94.2
9.90658	1.7	222
1.31682	0.95	321
5.32221	1.1	210
16.0401	0.15	165
10.345	0.25	238
4.86128	0.15	453
0.396603	0.65	457
0	1.55	313
0	2.2	216
0	3.2	155
0.00261299	3.05	120
0.0339688	3.4	100
0	2.9	88.4
0	2.95	81.3
0.00813186	1.6	75.3
0	1.85	70.2
6.85378	2.45	67.3
1.72274	1.65	66.7
0.0687585	3.95	67.1
2.81105	2.4	67.7
5.8531	0.9	59.1
0.164423	2.8	61.9
0	4.15	60.9
0	2.9	56.9
0	3.25	53.5
0	3.3	50.6
0.73084	1.95	48.9
0.789324	1	47.4
0.223601	1.1	45.8
0.0184208	2.25	43
0.612311	1	40.7
0.501687	0.45	40.1
1.47852	0.4	39.5
2.07392	0.3	40
0.289941	2.4	40.1
0	2.55	39.8
0	1.7	37.8
0.0762214	0.95	36.9
0	1.3	36.4
0.0156779	1.75	35.1
1.11794	1.45	34
4.56496	0.25	33.5
14.7327	0.25	34.5
0.110979	4.6	49.6
0.0169333	2.5	85.9
0.005093	1.75	68.5
0	1.5	53.7
0	1.6	47.3
0.0762329	1.95	43.4
0	2.55	40.4
1.12383	0.65	38.6
0.0323713	1.35	37.6
0	1.3	36.1
0	2.1	34.7
0.0311815	1.55	33.2
0.512883	0.7	31.8
0.0916704	0.65	31.9
0.0118279	0.9	31.4
0.673229	0.8	30.8
0.180045	0.85	29.8
0.0627117	0.9	28.7
0.718503	0.65	28.6
0.960563	0.1	28
0.0428261	1.05	27.9
0	1.05	27.9
0.00963823	1.05	27.2
0	0.9	26
0.0381107	2.15	25.9
0	2.65	25.3
0	3.05	24.6
0	2.1	24.2
0.263912	1.65	23.9
0.651551	0.95	23.3
0.0301321	0.85	22.6
0	0.85	22.1
0	3.2	22
0	1.8	21.2
0.0277169	1.15	20.8
0.0207877	1.25	20.5
0.132468	0.7	20.2
0.127766	1.45	20.2
0.117584	2.25	20.2
0	1.35	20.2
0.0381107	1.2	19.8
0.0745483	1.1	19.7
0.0065574	1.55	19.2
0	2.1	19.1
0.0294734	1.95	19.1
0.419995	1	18.7
0.756838	1	18.6
0	1.4	18.8
0	1.5	19.1
0	1.5	17.9
0	1.1	17.7
0	1.15	18
0.66663	1.1	18
0.801838	0.4	18
0.0300594	0.6	17.7
0.519541	0.7	17.7
0.624147	0.15	17.7
0	1.3	17.7
0.077727	1.1	17.7
0	2.5	17.2
0	2	16.7
0	1.6	16.5
0.0880024	1.7	16.1
0.523977	1.55	15.3
0.0118279	0.75	15.7
0	0.9	15.7
0	1	15.2
0	0.9	15.2
0	1.4	15.9
0.239244	1.05	16.2
0.00401277	1.6	15.7
0.134528	2.1	15.7
0.00692922	1.2	15.7
0	1.2	15.7
0	1.35	15
0	1.25	14.7
0.0940675	1.25	14.7
0	1.25	14.5
0	1.35	14.2
0	1.9	14.2
0	1.95	14.2
0	1.95	14.2
0.00359681	2.4	14.2
0.139768	2.75	14.7
0.0598289	1.1	14.7
0	2.05	14.7
0.0065574	1.9	14.7
0	1.9	14.7
0	2.7	14.2
0	2.5	13.8
0.069261	1.95	13.8
0.017937	2.15	13.8
0	2.3	13.8
0	2.4	13.8
0	2.95	13.4
0	2.9	13.4
0	3.55	13
0.0425948	1.1	13
0.166053	3.15	13
0.232768	1.95	12.7
0	3.8	13
0	4	13
0	3.55	12.6
0	3.55	12.2
0	3.05	12.2
0	2.7	11.8
0	1.3	11.8
0	2.95	11.8
0	3.05	11.8
0	1.6	11.8
0.0275681	1.7	11.8
0.751067	1.4	11.8
1.55111	0.35	11.8
0.0381107	1.1	12.2
0.00346461	1.2	12.2
0.053811	3.35	12.2
0	3.5	11.8
0	2.95	11.4
0.0731636	3.15	11.4
0.0260603	3.1	11.4
0.0695086	1.15	11.1
0.00359681	3.75	11.1
0	4.55	11.1
0	4.45	11.1
0.0326473	5.9	11.1
0.0398994	5.35	10.9
0.279661	1.3	10.7
0	7.4	10.7
0	4.65	10.7
0	4.75	10.7
0	2.55	10.4
0	4.7	10.4
0.0883338	3.4	10.4
10.2935	3.05	10.4
3.56591	0.6	11.2
3.07287	0.5	14.2
0.173126	1.45	17.5
0.248864	1.5	17.8
0.257842	1.45	16.5
0	1.4	15.5
0.0836156	2.35	15.2
0.325511	2	14.3
0.0235169	2.2	13.8
0	3.95	13.4
0	4.25	13.4
1.17983	2.15	13.2
0.147469	4.85	13.2
0.037557	5.3	13.2
0	5.55	13.8
0.169005	5.4	13.8
0.165472	4.7	14.2
6.90203	1.3	14.9
4.24807	1.05	16
9.56289	1.5	18.3
0.91509	1.7	26.4
8.52747	0	66.5
0.853264	1.55	62.2
6.05838	2.25	64.3
0.0825893	4.3	64.5
0	4.15	60
0.397782	2.1	50.3
0.0284615	4.2	45.9
0.327201	6.35	40.5
4.6506	1.55	34.7
0	4.45	31.6
0.00296436	6.05	29.8
0.490338	5.85	26.8
13.7331	4.7	24.7
17.4941	3.15	25.1
0.632786	2.8	170
0.133084	4.5	131
0	5.65	84.3
1.96057	1.85	60.1
0.0418078	3.05	46.9
0.103389	3	39.5
0.160886	4.1	33.5
2.42595	1.5	30.3
0.299759	1.35	28.2
0	5.05	26.6
0.142088	6.2	24.9
0.0025465	6.25	23.5
0	6.8	21.4
0	6.95	20
0	6.55	18.9
0.154203	6.7	18
1.55989	6.6	17.2
25.9792	2.25	17.4
11.9632	0.95	20.5
0.00664853	5	288
0.136735	1.8	145
1.03736	5.05	85.7
0.729739	4.9	60.2
0	3.95	46.4
0	7.55	38.9
0.084128	5.9	33.5
0.15232	3.55	28.9
5.22858	0.85	26.2
10.4444	0.7	25.1
14.635	0.25	26.9
6.3243	0.35	206
0	4.4	343
0.734476	3.85	186
1.0445	2.2	107
0.00285039	5.4	75.3
6.57093	1.8	58.2
12.1419	0.2	49.6
0	4.35	61.2
0.185643	6.3	71.2
1.26509	6.05	56.6
0.984574	1.8	46.5
0	5.15	41.2
0.0727568	6.65	36.1
0.194318	6.7	32.1
2.72025	2.25	28.7
27.4795	6.45	26.2
8.21304	1.4	61.2
0	6.2	177
0.0120383	1.85	100
0.291823	3.8	66.6
0	5.5	52.3
0.00296436	6.85	43.2
0.726502	6.4	36.6
6.50506	2.85	32.9
0.869241	1.9	32.9
4.85242	1.05	34.3
19.5821	0.4	32.8
16.5121	0.1	52.8
21.7146	0.2	292
6.52887	0.55	485
3.30589	0.8	474
0.745047	2.3	305
0	4.3	206
0.276313	5.7	143
0	6.6	108
0.189678	5.15	85.7
0.0402745	7.05	73
0.014399	8.6	64.5
4.36621	2.3	56.9
0.693248	2.65	54.4
1.45987	1.8	50.9
3.84326	1.1	46.9
1.2239	3.65	44.6
0.817352	3.5	41.3
9.06875	2.1	38.1
21.4224	0.15	54.8
9.47948	0.6	235
1.02831	1.1	201
2.77967	2.65	135
0	4.35	103
0.232631	3.75	85.7
0.0548727	5.25	70.7
1.08161	4.15	59.8
8.6819	2.4	52.3
39.3614	0.4	48
77.2916	1.1	734
12.6466	0.3	3120
0.313977	1.15	912
0.00236558	3.9	420
0.0280337	4.7	265
0	6.6	198
0.074331	6.05	158
1.99247	6.8	132
15.9013	5.5	111
19.0568	3.35	133
52.3042	0.7	229
32.1226	0.55	1920
0.38152	2.3	1620
1.11194	3.5	606
11.6016	1.7	368
0.665393	3.4	397
6.82147	2	309
14.7316	2.3	352
0.99114	3.4	440
0.959209	5.15	287
20.6533	5.15	227
10.6427	3.8	387
8.2523	5.5	603
9.32795	6.85	493
3.50264	5.85	520
1.62687	5	499
1.46088	6	292
2.81299	6.85	208
10.5654	2.15	194
15.0289	0.65	214
0.48019	4	364
0.440006	5.55	291
11.0794	1.6	200
0.719328	1.35	194
4.01206	3.35	177
0.606968	4.1	148
0.532317	4.9	133
1.05829	4.15	116
1.28153	4.9	105
0.333174	4.1	101
0.208078	5.35	92.2
1.17325	4.85	82.6
0.120195	4.05	77.5
0.13512	6.65	73.8
0.800483	6	67.9
0	5.4	61.8
1.5606	3.75	58.3
0	4.5	55.6
8.16573	2.9	54.1
37.4115	2.9	53.4
1.68367	4.15	495
7.92717	2	244
0.00285039	3.25	150
0.00889308	4.15	134
0.427893	3	108
0.287508	4.05	92.3
2.73404	4.2	81.5
17.5397	0.65	86.2
0.915469	1.4	164
0.817247	2.1	138
0.823125	4.6	108
2.20627	2.6	88.7
10.8365	1.4	76.1
30.4648	0.5	90.4
16.5412	0.75	588
6.11854	1.25	816
1.87375	1.9	422
18.517	0.85	260
32.7363	0.4	275
10.7933	0.6	1330
0.836193	1.75	1140
0	2.95	517
0	3.8	309
0	3.3	232
0.855112	3.25	191
52.5832	0.5	178
65.7967	1.2	1540
28.547	0.4	2920
13.0758	0.9	2160
0.581764	2.3	1620
0	2.2	792
0	4.35	516
0.0393666	4.1	370
7.87872	0.7	299
11.002	0.45	276
5.52087	0.4	319
0.708086	0.8	354
4.09917	0.55	317
6.4806	0.25	281
8.12998	0.3	290
7.0727	0.45	476
0.73448	0.95	534
0.619428	0.75	402
3.08689	0.5	313
0.353578	0.85	273
1.28014	0.2	249
7.47058	0.75	221
1.21464	1	222
0.0602119	2.45	248
0.133262	1.35	220
0.177683	2.3	194
0.0153043	1.9	172
0	2.25	157
0	4.1	143
0	2.35	132
0	1.5	124
0	2.3	117
0	2.5	111
0	2.35	108
3.29409	0.1	103
11.6031	0.2	99.6
3.6273	0.45	116
0.00855118	1.2	143
0.479359	1.3	124
0.136434	1.8	115
0	2	109
0	1.35	101
0	1.9	95
0	2.2	91.2
0	2.5	86.8
0	2.2	83.1
0.132422	1.7	79.2
1.33188	2.1	76.4
13.097	0.35	74
0.0955684	0.8	85.1
0	1.05	93.5
0	1.3	83.8
0	1.05	77.3
0	2.45	73.7
0	1.7	69.5
0	1.7	66
0	1.85	63.4
0.0588984	2.8	60.9
0.0432905	1.9	58.9
0.0302376	2	56.6
0.0404837	2	55.2
0	1.4	55.1
0	1.8	53.6
0	2.1	52.8
0.0242523	1.9	51.2
0.015279	1.35	49
0	1.5	47.8
0	1.5	47.1
0	2.5	46.2
0.0112059	1.15	45.2
0	1.35	44.1
0.00692922	2.25	43.1
0.149452	1.3	42.9
0	1.05	42.1
0.00368417	0.5	41.5
0	1.85	40.5
0.0198297	1.25	39.1
0	1.15	38.6
0.209265	1.3	38.1
0.0687585	1.6	37.3
0	1.35	36.8
0	1.05	35.9
0	1	35
0	1.2	34.6
0	0.85	33.5
0.0229509	0.95	33
0.768962	0.55	32.6
0.150534	0.8	32.2
0.0174516	1.45	31.9
0	0.55	31.5
0	0.55	31.3
0	2.1	31.3
0	0.95	31
0	0.95	29.9
0	1	28.8
0	1	28.5
0	1.3	28.5
0	1.65	28.5
0	1.3	28.5
0	1.5	27.9
0.0399055	1.85	27.5
0.190976	2.05	27.2
0.014252	1.55	26.6
0.042895	2.3	26.5
0.0139257	2.4	26.5
0.599463	1.25	26.5
4.08137	0.35	26
1.31816	0.75	26.2
0.745843	0.7	27.1
0.108505	0.6	26.3
0.0539465	0.6	25.9
0.0971491	1.1	25.4
0.262149	1.05	24.9
0.125013	0.85	24.8
0.134547	0.95	24.8
0.311292	1.2	24.8
0.0404434	1.45	24.3
0.30804	1.05	24.1
0.111944	0.95	23.8
0	0.75	23.8
0	0.65	23.8
0	1.45	23.3
0.0231263	1.35	22.9
0.0178255	1.1	22.9
0.0432905	1	22.9
0	1.2	22.9
0.032602	1.35	22.9
0	1.3	22.4
0.422518	1.7	22.4
1.63928	1.1	22.4
0.111054	1.3	22.8
0	1.3	22.4
0	1.65	22.4
0	2.2	22.4
0	2.25	22.4
0	2.9	22.4
0	3.95	22.4
0.0173231	2.8	22.4
0	1.45	22.4
0.023916	2.05	22.4
0.107733	2.55	22
0.113396	1.2	21.5
0.00473116	2.55	21.5
0.0491185	1.65	21.5
0.047205	0.85	21.5
0.0278557	3.1	21
0	2.75	20.9
0.0548727	3.3	20.7
0.00522597	3.5	20.3
0	2.7	20.3
0	3.9	20
0	4.5	20
0	3.6	20
0	4	20
0.00692922	3.65	20
0	3.35	20
0	2.9	19.7
0	1.9	19.7
0.0277169	2.5	19.7
0.314335	0.6	19.7
0.249993	2.55	19.7
2.7979	0.45	19.7
0.623057	1.35	19.7
0.214823	0.85	20.3
0.128191	3.05	21
0.0738375	5.15	20.9
0.0605347	3.85	20.3
0.117341	4.05	20.3
0.0460659	3.35	20.7
0.0229185	4.85	20.7
0.142142	2.55	20.8
0.00236558	4.35	20.5
0.233395	3.75	20.3
4.71594	0.55	20
0.152338	2.05	20.1
1.04571	1.65	20.5
0.0700558	2.45	20.6
0	5.3	20.3
0	6.35	20.3
0.175912	3.4	20.3
0.471502	1.8	20
0.0627017	3.05	20.4
0.251108	2	20.7
8.20273	0.05	20.8
0.340268	2.75	22.1
1.94955	3.2	25.1
0.464518	0.9	26.5
3.19654	0.5	26.5
0.245284	2.75	26.5
0.165379	3.05	27.7
0.0426231	4.55	32
0.0490808	3.25	31.6
0	5.3	28.4
0	5.65	27.5
0	7.8	25.6
0	7.65	24.1
0.00709674	7.6	23
8.47562	0.8	22.5
0	1.85	23
4.6284	2.1	24.3
0.186444	5.4	25.3
0	4.2	26.1
0.581154	3.45	32.2
2.10062	1.15	28.5
0.169003	4.5	25.9
0.022549	6.4	24.4
0.0256909	5.7	23.2
0	3.65	22.3
0	3.6	21.5
0	4.35	20.9
0.255298	5.8	20.2
12.7003	1.9	19.8
7.81406	0.3	21.2
3.52716	0.25	26.5
0.0177204	3.2	43.1
0.0419911	3.75	47.5
0	5	44
0	6.75	35.6
0.0418078	6.4	29.9
0	5.9	26.6
17.8586	5.4	24
17.2936	0.65	32.8
1.36869	2.75	85.1
1.09829	4.55	106
6.58777	1.65	76
0.753765	0.9	59.4
0.434252	1.45	54.1
0	3.05	53.4
0.0887731	3.8	49
8.14054	2.95	43.3
0.251202	2.6	39.9
2.62896	2.75	42.2
0.0306583	2.85	55.2
1.65284	0.85	55.9
0.0967118	3.6	48.7
0.249098	4.6	42.1
0.327656	4.05	37
9.18119	3.95	33.4
0	4.5	43.5
0.22201	5.05	35.3
3.00986	2.9	32.6
1.97485	2.55	29.6
0	5.55	29.7
0.845365	5.15	28.2
0.204412	6.85	25.6
1.54283	7.65	23.5
54.1851	1.35	22.3
4.95342	1.1	176
0.664301	3	385
0.755185	2.5	156
0.0353957	5.3	94.4
0.00345739	6.1	66.7
0.0149475	7	51.2
5.3023	0.7	43.4
19.1049	0.25	41.2
11.8772	1.4	196
0	6.35	256
0	4.25	137
7.84667	3.25	93.5
0	5.8	85.2
0.142139	5.2	72.8
0.107269	3.5	57.4
2.20523	1.45	48
26.0614	4	43.6
20.0106	2.2	199
1.059	2.95	371
5.66156	0.6	226
4.42956	0.45	146
6.20317	0.35	158
0	3.5	176
0	6.1	125
0.345049	6.6	95
33.7804	6.7	79.8
5.83223	1.35	364
0.458801	4.9	342
5.36368	1.8	195
42.2104	0.2	140
26.8584	0.45	1020
2.53628	3.65	1540
1.38769	2.1	567
9.56318	0.15	333
4.54011	2.8	297
2.35193	2.75	265
1.11677	2.7	233
0.545047	3.4	189
0.585809	2.1	151
0	5.45	125
0.669665	4.2	103
34.3231	3.65	92.2
1.40412	5.15	395
0.0313558	5.7	251
0	5	142
0.0705506	6.7	116
0.16196	4.2	107
17.1034	0.45	103
15.9765	0.35	224
16.631	0.65	408
0.285327	5.55	493
0.379125	5.8	263
0.698671	5.8	172
1.30551	3.75	129
0.910094	5.95	108
1.80828	5.65	96.9
0.405434	4.5	89.9
5.2753	3.55	81.5
11.1476	6	82.2
0.623727	5.15	109
3.00687	4.55	87.7
0.224361	4	80.6
0.196249	6.4	72.1
0.266569	6.4	64.9
3.16875	4.95	62.4
0.0762142	6.25	62.6
14.7185	3.7	56.9
0.310024	4.15	77
5.85541	5.7	75.1
0.333531	6.9	76.8
0.0269055	4.55	82.7
0.124591	5.85	59
0	6.5	51.6
0	6.05	47.3
0.1124	2.5	45
0	4.05	42.9
0.0489305	5.75	40.1
0.0727568	6.3	37.7
13.3086	4.1	35.7
8.12688	4.8	42.3
0.732335	4.7	64.5
2.05837	4.85	48.6
8.23964	0.8	40.9
11.5699	0.35	61.7
0.8172	2.1	105
0	5.6	87.5
5.73638	1.95	62.8
0.357273	4.3	57.9
0.350821	5.2	52.2
2.74684	4.3	45.8
21.4357	0.15	40.7
37.2758	0.15	47.2
30.3061	0.35	497
10.7471	0.65	804
41.946	0.05	670
38.4133	0.25	1600
3.46584	0.4	1750
0	2.9	675
1.3665	4.25	361
3.36781	4.3	247
0.203782	3.3	200
1.11763	2.8	176
10.7803	1	158
0.682528	3.65	180
2.09038	3.25	151
4.44042	1.45	132
6.76735	0.65	120
37.4163	0.2	126
21.6977	0.65	830
36.8263	0.2	1160
23.8443	0.8	1890
16.8336	0.3	1210
14.172	0.1	1160
8.09749	0.8	1230
2.50019	1.35	970
7.22959	0.7	563
7.71753	0.3	412
11.0371	0.1	469
2.82514	0.5	588
0.329679	1.4	507
0.806784	1.1	391
1.01851	2.75	308
1.04008	2	258
0.350147	1.95	221
2.08073	1.7	199
0.0256068	2.9	181
3.4842	0.45	165
2.69234	1.5	151
0.357805	2.3	151
0	2.15	147
0.076395	2.3	138
0.0150981	1.25	128
0.0331045	1.55	119
0	1.1	112
0	3.55	106
0	3.05	101
0.0966805	2.8	95.5
0	3.35	90.5
0	3.3	86.4
0.00346461	3.4	83.6
0	2.75	80.8
0	2.95	77
0	3.1	73.3
0.129491	3.1	70.7
0.637464	0.8	68.2
0.126359	0.9	65.9
1.50232	0.65	65
0.574531	0.5	64
0	1.65	63.4
0.0346461	2.85	61.2
0.0187397	2.4	59
0.0210625	1.4	57
0.062079	4.45	55.8
0.0505089	1.7	53.9
0.313238	2.4	53.2
2.82186	0.85	52.3
6.41565	0.3	52.3
3.33222	0.15	55.7
1.41437	0.2	57.8
3.97419	0.05	54.1
3.56223	0.05	54.1
0.112702	0.95	58.9
0.200318	1.2	60.4
0.233562	1.15	57.6
0	1.1	53.1
0	2.7	50.1
0.0347082	1.1	48.1
0.960058	0.7	46.3
0.990144	0.6	44.6
0.792027	0.4	44
0.213208	0.85	44
2.20879	0.6	44
4.36104	0.3	43.2
0.922184	0.5	43.9
0.174844	0.8	46.7
0	0.8	46.3
0.0627117	1.2	43.8
0	2.1	41.4
0	1.75	41.1
0.0280894	1.2	40.7
0.0717317	3.7	40
1.15134	0.7	39.3
0.132477	0.8	38.6
0.353644	0.8	37.8
0.75266	0.55	37.1
1.8325	0.2	36.3
0.474831	1.45	36.9
2.8845	0.1	37
0.285457	0.6	38
1.96639	0.2	38.5
3.29611	0.3	38.5
1.90221	0.15	40.1
0.496212	0.7	41.7
0.34087	1.45	42.3
0.230588	1.9	41.9
0.164386	1	39.7
0.0971834	0.65	36.9
0.005979	1.25	35.5
0.0110525	1	34.8
0.011958	1.2	34.1
0	0.75	33.1
0.0110525	0.75	32.3
0	0.8	31.5
0	0.5	31.4
0	0.75	31.4
0	0.9	30.9
0	1.05	30.8
0	0.95	30.3
0	0.7	29.7
0	0.45	29.2
0.0214664	0.25	29.2
0.565595	0.75	29.2
0.386425	0.9	29.2
0.164159	0.35	29.2
0.590082	0.55	29.2
0.215797	1.1	29.2
0	1.1	29.2
0	1.75	28.6
0	1	28.5
0	1.3	27.8
0	1.05	27.2
0	0.95	27.1
0.115624	1	26.4
0	1.1	25.8
0	0.65	25.7
0.0457218	1.2	25.7
0.11458	1.35	25.7
0.0260214	1.55	25.7
0	1.75	25.7
0.0655883	1	25.7
0.545761	1.4	25.7
1.50387	0.65	25.7
0	0.85	26.3
0	0.6	25.8
0.0757766	1.35	25.7
0	2.25	25.7
0.00261299	1.85	25.7
0.0600987	1.6	25.1
0	1.45	24.5
0	1.55	24.4
0	2.4	24.4
0	2.4	23.8
0.0172034	2.4	23.7
0	2.35	23.7
0	2.45	23.1
0.21547	2.4	23
1.06829	0.25	23
0.299857	1.3	23
0.0143873	2.35	23.6
0.114984	2.35	23.7
0	3	23.7
0.0339688	2.45	23.7
0.0496467	2.95	23.1
0	3	23
0	3.5	23
0.927805	2.05	22.4
1.98389	0.9	22.3
0.304746	1.25	22.9
0	0.6	23
0	0.9	22.7
0	1.95	22.3
0	2.6	22.3
0.0842895	1.5	21.7
0.098797	1.25	21.6
0.118412	1.3	21.6
0.0392364	1.15	21.6
0.0992935	1.75	21.6
0.0313558	2.1	21.2
0	1.55	20.8
0	1.6	20.8
0	2.6	20.8
0	2.95	20.8
0	3	20.8
0.241332	1.55	20.2
1.34121	0.95	20.1
0.915351	0.25	20.7
0.824362	0.45	20.8
1.05686	0.55	20.8
0.0350377	1.2	20.8
0	1.45	20.8
0	3.25	20.8
0.00368417	1.9	20.8
0	1.3	20.8
0	2.05	20.8
1.40109	2.25	20.8
0.118805	1.5	20.2
0.222514	0.7	20.1
0.0737501	1.8	20.7
0.181086	1.25	20.8
0.0148218	2.15	20.8
0.120195	3.1	20.8
0.262424	2.85	20.8
2.19513	1.75	21.2
0.245843	1.75	22.3
0.348413	6.7	23.6
5.73656	1.85	24.6
0.248767	1.3	26.6
0	3.2	29.6
0	4.7	27.6
0	4.9	25.9
0	6.25	25.7
0.115217	5	25.7
4.31942	0.9	27.3
2.29692	0.1	29.4
0.0757766	4.75	31.5
0	4.4	32.7
0.0806831	5.4	32.2
9.47546	0.6	32.4
0.0313558	2.7	37.1
7.24313	2.4	54
8.16311	0.6	52.7
0.592448	1.75	60.8
0	3.4	62.4
0.0624747	4	70.3
0.539335	3.6	69.9
0	5.1	59.6
0	6.25	50.5
0.210463	5.8	43.2
1.03288	4.5	38.4
0.236133	4.7	34.8
0	4.1	32.4
0.327314	6	30.4
13.7639	1.4	29
1.31162	2.35	31
0	4.25	42.6
0.107132	4.1	45.1
0	5.4	38.5
0	6.15	35.7
0.0940675	6.45	33.1
0.0411429	6.25	30.8
4.91433	2.55	28.8
10.3435	1	29.4
15.3275	1.55	38.8
1.17761	2.85	119
0.131538	2.4	140
0	3.6	85.3
0	4.9	60.8
0.0235169	4.8	48.3
0.338012	5	41.5
24.7859	1.5	48.4
3.08971	4.6	97.2
25.3972	0.1	94.3
5.99267	0.7	272
1.23978	2.3	435
20.8695	0.65	197
3.50086	0.9	365
1.31152	3.8	486
1.20222	6.9	241
0	5.5	139
0	6	105
0	4.55	85.3
1.0712	5.25	72.5
0	6	65
19.7558	1.9	56.8
3.94679	1.35	85.5
0.0895401	3.5	105
0.950329	3.05	96.5
0.845922	1.9	74.4
0	2.55	63.9
0.00350377	6.25	58.1
0.939022	5.25	50.5
7.25339	4.45	45.5
8.55726	0.5	46.4
7.77749	0.75	70.9
4.10045	0.55	97.8
0.0202196	4.25	177
0	5.05	125
0.101454	6.55	90.9
1.12316	2.3	71.2
9.46332	0.75	60.4
11.2876	0.05	55.3
0.243863	1.3	73.1
0.21217	4.75	101
2.19683	2.8	84
0.184197	5.7	70.5
2.28531	5.75	60.7
1.46573	6.95	54.5
0.319318	6.6	49.4
0.477008	2.7	49.4
21.5859	0.75	45.7
1.14379	5.45	67.9
0.389502	3.7	91
0.214806	3.75	69.3
0	6.7	56.2
0.148978	6.35	47.1
0.0672419	6.7	41.4
1.77336	6.5	37.1
1.58856	3.3	34.6
3.30452	2.95	33.2
21.4149	0.4	32.3
6.4663	0.1	38.7
0.471354	2.15	105
0	6.95	91.6
0.0149475	6.1	65
1.62275	1.95	50.2
0.00337364	3.8	43.7
0.162837	6.3	39
0.11059	4.5	35.3
0.098066	6.7	32.9
12.9008	5.15	30.9
15.5568	0.8	29.9
1.49108	3.45	130
0.731033	6.25	118
4.89639	6.35	74.4
23.1835	3.5	56.2
7.78903	1.55	203
0.634595	4.1	174
0.14515	5.85	110
0.675234	4.25	83.1
0.0789415	3.9	69.9
3.51106	4.65	54.1
1.70622	5.05	46.2
5.72568	5.9	44.2
0	6.15	44.5
0.0946164	6.2	44.9
0.27566	6.65	40
1.88544	5.85	34
6.07731	5.7	31.1
0.540321	2.5	31
2.03546	3.9	36.8
8.03498	4.95	33.8
0.103157	3.85	42.6
0.224987	5.65	54.3
0	6	37.6
0.15053	5.95	32.1
0.388635	5.9	29.2
4.06818	7.15	31.3
3.19487	4.4	32.1
5.11677	5.05	26.4
10.6937	3.6	26.4
8.56053	2.65	38.5
2.44196	2.25	34.7
7.65569	5	68.7
0.337686	4.7	69.3
0.395626	5.7	52.6
2.49739	5.85	39.4
5.55738	5.15	35.7
4.92212	4.5	39.9
5.18535	3.7	39.1
7.41013	1.4	36.6
0	4.65	37.6
0.101906	4.8	36.1
0.160973	4.4	43.6
1.11936	3	46
0.314376	3.55	34.3
2.80102	3.05	31.5
3.98361	1.25	36.8
6.41617	4.6	43.5
2.0384	4.65	42.3
2.5664	1.9	37.2
3.75117	6.8	37.1
0.488793	5.9	43.3
0.347486	4.25	35.9
0.683153	4.75	43.6
2.23752	4.1	42.3
11.579	0.8	26.5
1.98458	2.25	29.8
1.88448	0.85	32.2
4.9501	0.45	30.8
9.51311	1.1	30.9
1.87188	2.3	103
3.54303	2.4	133
23.8765	2.1	97.4
15.9537	1.15	175
20.2623	0.05	277
31.0892	0.6	487
25.0453	0.1	927
8.07895	0.1	1010
2.82511	0.15	732
3.49778	0.75	383
0.924537	1.9	252
15.5071	1.25	189
9.49403	0.5	243
0.645569	1.85	460
0.384396	3.9	294
0.458056	3.65	195
2.74688	0.6	147
0.609593	1.25	124
0	2.8	107
0	3.45	95.2
0.371033	3.4	80.5
0.992957	3.6	72.7
0.196722	3.6	67.2
0.207886	1.65	60
0.0906424	3.5	56.4
0	3.5	53.5
0	4.3	48.9
0	3.5	44.9
0.114115	3.75	41.8
1.86609	1	40.4
5.73302	1.5	38.9
1.21328	1.55	40.4
11.661	0.85	39.2
10.0039	1.55	50.7
13.5622	0.25	70.5
12.1464	0.35	117
9.23736	0.9	243
7.88891	0.2	306
4.05948	0.2	270
2.45618	0.15	279
0.636218	0.5	240
0.105307	1.5	203
0.0831507	2.4	156
0.152501	3.4	128
0.0495305	2.3	107
0.110868	1.65	94.6
0	1.9	86.4
2.96841	0.25	78.7
0.140227	1	75.5
0	2.15	71.6
0.0138296	2.05	68.4
0.45687	1.55	64.3
0	2.2	60.7
0.0496467	2.55	57.7
0.0359681	1.9	55.6
0.40531	1.2	53.7
0.0733354	0.8	52.2
0.0722299	1.35	50.3
0.791379	1.9	49
2.22215	2	47.6
0	2.25	47.9
0	1.95	45.6
0	1.95	43.8
0	2.75	42
0.0415753	1.95	40.3
0	1.85	38.9
0	2.55	37.7
0	2.75	37.1
0	2.8	36.3
0	2.25	35.1
0.0339688	2.45	34.4
0.0442749	2.45	34.4
0.529701	1.2	34.1
0.0532359	1.9	34
2.51105	1.6	33.6
0.268042	1.55	33.6
0	1.2	33.6
0	2.05	32.8
0	1.6	31.3
0	2.75	30.2
0	1.65	30.2
0	1.55	29.2
0	1.65	28.6
0	2.15	28.6
0	1.65	28.6
0	2.7	27.8
0.160213	2	27.7
0.079269	1.95	27
0.0175426	1.3	26.9
0.0437657	1.35	26.9
0.0810274	1.15	26.2
0.48946	1.1	26.1
0.143079	0.75	26.1
0.0508146	0.3	25.4
0	0.7	25.3
0.0522597	1.75	24.6
0.0156779	2	24.5
0	1.3	23.7
0	1.25	23
0	1.35	22.9
0.109324	1.75	22.9
0.31506	1.05	22.9
0.937785	0.65	22.9
0	0.5	22.9
0	0.85	22.9
0.0831507	0.95	22.9
0.0450399	1.1	22.9
0	1.05	22.9
0.0712206	1.6	22.9
0.252788	1	22.2
1.17602	0.1	22.1
0.820567	0.8	22.5
0.0520428	0.65	22.9
0	1.4	22.5
0	0.95	21.8
0	0.9	21
0	1.45	20.9
0.00352687	1.4	20.1
0	1.2	20
0.0705506	1.65	20
0	2	19.3
0.0601916	1.9	19.2
0	1.7	19.2
0	1.1	19.2
0	1.7	19.2
0.0834765	2.15	18.4
0.791821	0.8	18.3
0.041501	1	18.3
0.120424	1.35	18.3
0.126234	1.1	18.3
0.0630417	1.1	18.7
0	1.55	18.4
0.0119066	2.05	19.1
0.00368417	1.9	19.2
0.367894	0.85	18.4
0	2.2	18.3
0	0.95	18.3
0.0177262	2	18.3
0	1.85	18.3
0.0783896	2.25	17.9
0	1.75	17.4
0	2.35	17.4
0	2.35	17.4
0.0854661	1.4	17.4
0	1.55	17.4
0	1.55	17
0	1.95	16.5
0.208044	2.15	16.5
0.268366	1.45	16.5
0.0285039	1.7	15.7
0.00692922	1.3	15.6
0	1.95	15.6
0	2.4	15.2
0	2.9	14.8
0	3	14.8
0	3.9	14.8
0	1.75	14.8
0.0731636	2.3	14.8
0.00736834	4.3	14.8
1.54967	1.35	14.8
0.709799	0.65	15.2
0.240429	1.75	15.6
0.0303627	1.55	15.6
0	3.85	15.6
0	2.6	15.6
0	2.5	14.9
0	2.95	14.8
0	3.5	14.8
0.171132	2.8	14.8
0.436168	3.15	14.8
0.273643	2.5	14.8
0.0229185	2.55	14.8
0.0415753	2.25	14.8
0.0381107	4.15	14.1
0.0346461	3.35	14
0.0242523	3.55	14
0.104519	3.85	13.3
0	4.25	13.2
0	3.65	13.2
0.957224	3.3	13.2
1.03103	2.55	13.5
0.147578	2.85	14.3
0	3.2	14.1
0.255775	3.55	14
0.632847	1.6	14
1.10621	1.4	14
0.0798987	3.6	14.3
2.58043	1.25	15.1
10.8227	0.05	16
3.32326	0.25	18.4
0	2.3	21.2
0.0543856	0.8	21
0.598802	0.95	20.9
0.636781	1.2	21.3
0	1.75	22.2
0.0138584	2.35	23.5
0.0815813	3.3	23.2
0.32422	2.45	22.7
0.110734	1.85	22.7
0.0445706	2.6	22.7
0.398374	3.8	21.9
2.84328	3.75	21
0.00261299	3.5	20.1
0	2.3	20.4
0.375201	1.55	20.1
0.0242914	4.05	20
0.0289049	3.55	19.3
1.1211	3.75	18.4
0.0826614	3.9	17.5
0.0866636	3.95	17.4
0.0182594	3.15	17.4
0	5.35	17
0	6.35	16.5
0.0107904	4.3	15.7
2.45503	2.75	15.6
0	1.95	15.6
3.50747	1.75	15.6
0	5.6	16.4
0	5.6	16.9
0.0123127	4.35	16.6
0.005093	5.05	15.7
0	6.75	15.6
0.0999719	6.95	15.6
2.44582	5.25	14.9
0.0401601	5.8	14.1
0.185522	6.15	14
0	6.6	14.3
0.076169	7	14.8
7.04732	2.55	14.1
15.3214	0.75	15.7
0.0827788	1.7	26.1
0.589886	1.35	37.9
0.0032787	1.35	29.7
1.08904	0.35	26
0	2.6	23.1
0.0138584	4.3	22.2
0.0290342	3.05	21
0	4.65	20.4
0	6.25	19.6
0	6.4	19.5
0.115385	4.8	18.8
0	7	18.4
0	7.2	17.7
0.0866153	7.65	17.4
1.80772	6.15	17
1.72723	2.15	16.9
0	6.5	16.9
0.0705374	6.4	16.9
0	8.15	16.9
0.295776	7.6	16.4
10.1065	1	16
1.4396	2	16.3
10.8504	0.9	17.2
4.74656	1.45	20.5
0	6.2	33.5
0	5.85	25.3
0.672241	3.45	20.5
17.8421	2.4	18.4
19.5935	0.4	22.4
0	3.15	135
0.284801	1.35	97.3
0.0911298	6	62
0.395955	7	43.6
0.0588984	3.2	34.8
0.203621	3.8	30.2
0	2.75	28
0	6.1	26.7
8.30781	1.15	25.3
6.54942	0.4	25.7
9.77156	0.1	29.5
1.43337	0.75	45.4
1.76294	0.55	60.9
6.98473	1.2	54.6
0.497738	1.85	49.9
0.242523	3.75	58.2
2.38677	3.4	55.4
0	5.85	46.4
1.62649	4	41.1
26.2032	0.6	35.7
16.9765	0.6	153
0.513484	5.3	382
0.191781	4.4	175
0.632789	5.15	101
0.737529	2.45	74.1
0.0145401	4.85	60.6
0	6	53.3
0.906454	5.75	44.6
0.220855	6.05	37.2
0	6.15	32.9
1.73883	4.1	29.2
23.4217	1	27
0.031146	3.3	48
0.138584	4.35	83.8
0.0771905	2.9	56
1.1704	1.7	41.4
1.72779	1.6	34.9
4.61527	1.3	32.6
16.1926	0.2	41.9
0.440928	4.2	102
0.208616	5.5	115
7.17449	7.95	81.7
1.14479	5.7	60.9
2.80165	4.85	80.9
34.8959	2.8	60.9
0.289719	0.85	383
0	4.5	261
0	5.35	140
1.34245	6.4	92.5
0.246444	4.1	73.1
2.39816	1.85	59.7
0.159392	4.6	51.7
0.182629	6.35	44.1
2.90913	4.9	37.4
1.43402	3.1	33.4
0.182479	3.25	32.3
0.0295083	6	30.3
2.21254	5.65	27.4
1.82337	5.15	26.5
0.648722	5.85	29
1.30858	4.9	31
2.60359	6.75	29
0.457201	3.8	27
0	4.9	24.5
1.70894	5.2	23
1.69803	3.7	21.9
0.00236558	7.3	21.3
0.157951	6.35	22.1
1.43009	4.5	20.7
3.65438	2.2	19.3
0.0318561	5.95	19.5
0	4.7	19.3
0.782338	5.1	19.2
3.453	6.9	18.7
0	6.2	21
0.0966805	6.25	20.4
0.00236558	6.9	18.5
0.0732628	7.9	16.8
1.30962	7.85	16.1
22.469	6.5	15.9
34.0228	3.7	19.8
5.67078	1.4	62.8
2.91146	1.15	113
8.25753	2.05	77.1
2.97053	4.75	92
0.00236558	5.9	82.8
0.00406593	5.4	57.6
0	4.8	41.6
0.0469933	5.55	33.3
11.8499	3.45	29
0.635931	4.05	46.1
0	5.2	39.9
0.162005	2.65	30.4
0	4.55	25.7
0.00337364	4.7	23
0.02412	3.85	21.4
0.120997	2.9	20
0.99542	4.05	19.9
0	5.2	19.3
0	5.85	18.7
0	2.75	18.1
0	5.15	17.5
0	4.9	16.9
0.855904	2.55	16.4
36.9113	0.65	17
37.1122	0.05	23.6
35.4396	0.15	463
3.83683	0.7	718
0	1.65	278
0	2.7	151
0	2.75	98.1
0.0192765	2.85	79.6
0.157293	1.7	66.2
0.0133774	4.25	55.7
0.0772317	2.2	47.6
0	3.4	42.2
0	4.5	38.3
0.032787	5.25	35.9
0	4.55	33.7
0.0807165	4.2	31.6
0	4.7	30.8
3.52486	1.65	29.8
0.200639	3.7	29.7
0	4.15	29.3
15.5445	3.25	28.3
0.0775214	4.05	37.9
0.838526	4.35	39
0	3.45	31.5
0	3.35	29
0	1.7	27.2
0	2	26.6
0	2.7	25.6
0	3.65	25.5
0	3.1	24.6
0.265482	2.4	24.5
0.0127325	3.9	23.5
0	4.75	23.4
0.0942444	3.2	22.5
0.0391731	1.55	22.4
0.88734	1.25	21.5
0	3.25	22.3
0.0129026	3.5	22.4
0.705956	2.8	21.5
29.9781	1.05	22
2.70979	0.55	41.2
7.86947	0.3	50.5
21.3362	0.1	44.6
7.942	0.25	155
3.20769	0.15	219
4.20084	0.4	144
0.0469151	1.85	120
0.0536925	1.7	92.1
0.0482876	0.85	74.3
0.0344346	2.9	61.6
1.55169	5	52.2
0.527234	1.8	45.7
0	1.7	41.1
0	1.85	36.7
0	2.75	33.7
0	3.25	32
0	2.15	30.9
0.0679377	2.7	30.3
0.275477	2.55	28.8
3.68198	1.8	28.7
0.21381	1.8	28.7
2.51312	1.75	28.7
0.0864586	1.8	28.6
0.194228	2.05	26.4
2.43811	0.95	25.5
1.0859	0.75	25.5
0.0439409	1.3	25.5
0.0806441	1.2	25.5
0	2.05	25.5
0.422083	1.45	24.6
0.183877	1.05	24.5
0.315018	0.7	24.5
1.72555	0.45	24.5
0.294138	1	24.5
0.0138584	0.7	24.5
0.584632	0.75	23.5
2.22302	0.3	23.4
1.35864	0.35	23.4
0.273073	1.1	23.9
0.521313	0.7	25.8
0.375798	0.35	26.6
0.0912756	0.9	25.6
0.00522597	1	24.6
0.0496467	1.2	23.5
0.010186	1	23.4
0.525586	0.2	22.5
0	1.45	22.4
0	1.45	22.4
0	1.6	21.5
0	2.45	21.4
0.0574857	1.8	21.4
0.0810026	1.75	21.3
0	1.2	20.4
0	1.35	20.3
0	1.85	20.3
0	1.4	19.8
0.0237149	0.95	19.3
0.00337364	0.65	18.4
0.803311	0.6	18.4
2.74605	0.4	19.7
0.849248	0.35	20.3
0.144979	0.85	20.3
0.0432076	1.25	20.3
0.0313558	1.1	20.2
0	1.5	18.5
0.032696	1.45	18.3
0.087206	0.85	18.3
0.0982675	0.75	17.4
0.0238156	2	17.3
0	2.2	17.3
0	1.45	17.3
0	1.05	16.4
0	1.1	16.3
0	0.9	16.3
0.0129026	1	16.3
0.460785	2	16.3
0.420549	0.6	16.5
0.0132515	1.05	16.5
0.120197	1	16.1
0.00261299	1.25	15.6
0	1.6	15.6
0	2.75	15.6
0	2.6	15.6
0	2	14.9
0	2.5	14.8
0	2.05	14.8
0	3.55	14.8
0	2.5	14.8
0	1.5	14.1
0.0757008	1.4	14
0.148661	0.75	14
0.141928	1.35	14
0.894039	0.9	14
0.136666	1.3	14
0	1.65	14
0	0.85	14
0	1	14
0.0265909	1.85	14
0.00855761	2.15	14
0	2	14
0	1.7	14
0	1.65	13.3
0	1.9	12.9
0.00346461	2.1	12.5
0	1.95	12.5
0	2.35	12.5
0.0213091	1	13.1
0	3.35	13.2
0	2.35	12.9
0	3.2	12.5
0	2.35	12.5
0	1.35	12.5
0	2.6	12.5
0	2.45	12.5
0.456371	2.1	12.5
1.79571	0.65	12.5
3.24224	0.1	12.5
0	1.55	13.5
0	2.1	14
0	3.1	14
0	1.95	13.6
0.119222	1.65	13.2
0.844862	0.8	13.2
0.795282	0.95	13.2
1.11423	0.45	13.2
0.581211	0.65	13.2
0.216774	1.05	13.9
0.0677753	2.05	14
0	2.85	13.3
0.00709674	3.5	13.2
0.10713	4.9	12.9
0	3.8	12.5
0	3.5	12.5
0	3.35	12.5
0	3.05	12.5
0.00261299	3.7	12.5
0.0653247	3.55	11.9
0	2.9	11.8
0	3.65	11.8
0.0256579	3.35	11.8
0.657189	2.85	11.8
0.0955736	1.85	11.8
0.825854	1.3	11.8
3.35499	0.3	11.8
0.850585	2.15	12.4
1.31427	1.1	12.5
0.0992935	1.35	12.5
0.0718253	1.4	12.5
0	0.9	12.5
0	3	12.5
0.0156779	4.6	12.5
2.14816	3	12.5
3.98341	0.55	12.5
0.291027	3.55	13.5
0.634176	4	14
3.42723	0.35	14.7
0.0139409	1.4	14.8
0.0931745	1.8	15.2
1.28984	1.95	16.4
0.00337364	3.05	16.9
0	2.8	17.4
0	4.5	17.4
0.00337364	5.2	16.6
0	4.9	15.7
3.30772	3.4	14.6
12.339	0.65	15.1
0.413806	1.4	16.8
0	4.15	19.4
0	4.35	22
0.0713915	1.4	25.5
0	4.4	27.3
0.145794	4.85	27.9
0.328812	6.3	25
0.304691	5.25	22.9
1.7523	2.2	21.3
4.6166	1.45	21.2
7.13145	0.7	22.6
0.834225	1.1	29.4
0.727076	0.25	31.8
0.00813186	1.75	29
0.0287429	3.55	26.4
0.343365	5.25	25.3
0.200947	5.7	25.7
0.270954	6.55	26.8
15.9424	7.75	27.9
1.2239	3.6	28.2
0.317793	4.25	60.2
0	6.1	67.1
0.58587	6.15	49.5
4.13942	5.4	35.1
11.8172	0.6	36.1
1.28531	0.25	89.6
0.0138584	1.9	94
0	5.1	70.4
0.0387077	3.4	56.1
1.63123	5.05	45.5
2.19613	2.95	37.8
0.174676	4.2	34.4
0.733518	1.85	30.1
1.52829	1.7	27
1.62784	0.8	24.9
0.520209	1.75	24.2
0.137872	4.2	23.8
0.500988	4.4	22.3
0.0561155	1.9	21.3
2.72351	1.75	20.3
24.4494	0.55	20.2
0.74178	1.15	31.7
0	3.1	160
0	3.3	103
0.412289	5.35	70.3
0.0313558	6.15	55.9
0.2012	5.85	39.9
0	5.5	33.6
0.321924	6.6	29.4
15.1756	0.9	26
0	4.2	58.2
0	3.2	52.5
0.62868	4.6	40.7
28.2486	2.25	33.6
14.2864	0.45	53.7
6.58239	0.45	501
6.57665	0.45	245
0.48851	4.55	271
0	4.95	214
0	5.9	137
17.5065	2.05	104
0	4.85	258
0	4.85	203
0	5.8	122
31.3405	5.25	87.5
21.0942	3.25	205
4.9122	1	551
0	4.65	270
0	4.9	173
0	5.2	122
0.382502	4.8	94.8
18.2709	0.9	79.2
16.8937	1.7	125
9.39714	0.3	229
1.93024	1.6	308
0	3.9	282
0.168772	2.6	193
0.392983	4.25	136
0.517983	1.9	110
4.45383	0.85	98.3
7.07052	0.45	87.3
0.534484	0.9	92.1
0.6167	1.8	117
0	6.15	106
0.0868884	5.7	96.3
1.30567	3.7	84.7
14.956	1.1	75.9
6.00043	0.55	79.8
0	3.15	205
0	3.1	142
0.269029	3	105
0.296441	4	82.2
0.150362	4.15	68
2.63164	3.1	60.4
4.51508	4.7	54.8
0.565814	3.05	55.7
0	6.5	53.5
2.31154	6.2	48.3
3.69335	5.3	45
11.4398	4.7	45.8
6.69497	1.55	55.7
4.63003	0.8	102
0.0118279	1.85	115
0	6.25	83.3
0	5.8	64.7
0.120424	6.5	53.6
8.85761	4.3	48.7
37.2576	1	49.8
39.251	0.25	365
6.09622	0.8	1530
0	4.3	546
0	2.3	274
1.29408	5.6	182
1.01423	5.9	138
2.73201	5.7	113
4.53941	3.65	101
1.94044	3.25	112
20.1493	3.45	110
0.323049	2.5	160
0.114269	5	207
0	5.95	127
0	5.15	98.6
0.779403	6.1	82.1
48.4617	1.55	73.8
58.9735	0.95	370
36.8946	0.15	2230
29.8976	4.65	1530
0.974288	1.75	1540
0	4.9	691
0	6.1	348
0.0425047	5.65	214
0.235594	5.55	166
9.75614	5.45	141
17.3567	2.15	136
5.95997	0.5	164
0.413882	5	235
0.181119	5.1	167
0.0179841	5.35	131
0.710726	3.6	108
0	4.5	93.9
0.028387	2.6	84.3
0	4.8	78.4
0	5.65	72.7
7.80012	4.85	68.3
0.0840267	3.8	94.6
0.133913	4.9	68.6
4.04226	5.1	61.4
20.407	2.4	62.7
0.775911	3.3	152
0	4.85	115
0	6.3	81
0.0187208	3.85	66.8
0.618164	4.85	59.1
2.99584	5.3	53.9
61.8556	0.15	56.9
6.87963	1.75	842
0.66788	4.35	599
0.0025465	3.1	248
0.166482	5	162
4.67658	3.75	130
3.14599	3.25	121
7.42299	4.6	99.2
0.19629	2.25	109
0	3.8	110
0	2.8	88.6
0.174948	4.4	78.6
0.764682	1.5	72.2
0.18506	2.05	68.1
0	2.75	64.4
0.0025465	4	60.6
0	4.45	57.9
0	3.6	55.2
0.297472	4.35	52.6
4.16242	4.1	51
0.0586604	2.65	52.1
1.16527	1.75	50.4
0	4.25	48.3
0.0251777	4	46.5
0.359193	2.9	43.8
1.65215	3.65	42.7
0.215939	1.45	42.1
0	3.7	42.1
0	4.65	41.2
0	3.85	38.6
0	4.4	36.6
1.12625	4	35.6
0	3.5	35.5
0	1.85	34.3
0	3.35	32.9
0	3.8	32.4
0.0101209	3.55	31.6
0	2.7	30.6
0	2.6	30.2
45.7195	2.35	29.9
24.2522	0.75	234
1.81162	1.3	405
1.58754	1.25	195
2.30764	0.95	116
1.89933	0.75	86.4
4.99879	1.25	79.5
0.206122	2.15	85.1
0.299969	1.25	90.2
0.929273	0.4	76.7
0.136112	1.1	66.3
0	1.85	60.1
0	2.5	54.6
0	2.35	49.9
0	2.4	47
0	2.05	45.2
0.0519692	1.75	43.3
0	1.3	42.6
0.222917	2.45	41.5
12.0626	0.9	40.6
23.0692	0.15	42.5
5.63431	0.6	202
0.412411	1.2	195
0	1.6	138
0	1.6	111
0	1.3	91.7
0	2.45	79.1
0	1.05	69.4
0	1.55	61.4
0	1.65	56.1
0	1.8	51.9
0	1.65	48.8
0.39105	1.9	46.2
2.1637	0.95	44.1
0.803297	0.5	42.7
0.0566331	1.05	42.6
0.0897468	0.65	42.1
0.0664914	0.95	40.7
0	2.65	39.9
0	2	38.6
0	1.45	38.1
0.105806	1.35	36.6
0.0282149	1.6	36
0.005093	1.3	35.3
0.0160949	1.7	34.6
0.349431	0.8	34.5
2.13808	1.15	33.9
1.90008	1.1	33.8
0.410443	0.45	34.7
0.17415	0.45	34.3
0.120197	2.05	33
0	0.5	31.8
0	0.35	31.3
0.0103938	0.9	31.2
0	2.3	30.9
0	1.7	30.5
0	1.05	29.9
0	0.7	29
0	0.5	28.6
0	0.85	28.6
0	1.8	28.6
0	1.55	28
0	0.55	28
0	1.2	27.4
0	1.4	27.4
0	1.35	27.4
0	0.9	27.4
0	0.95	26.8
0	1.25	26.8
0	1.7	26.8
0	1	26.3
0	1.15	26.2
0	1.35	26.2
0	1.1	26.2
0	2.35	25.6
0	1.85	25.6
0	1.15	25.1
0	1.9	25.1
0	1.95	25.1
0	3.2	25.1
0	0.9	24.5
0	0.7	24.5
0	1.65	23.3
0	1.75	23.3
0	1.9	23.3
0	1.6	23.3
0	0.7	23
0	1	22.6
0	1.9	22.6
0.0436795	1.95	22.6
0	1.4	22.6
0	1.8	22
0.0179956	1.9	21.6
0	1	21.2
0.553058	1.2	21.2
0	1.35	21.2
0.0467581	2	21.2
0.0173231	0.95	21.2
0.0810026	1.6	21.2
0	1.15	20.4
0	1.2	19.8
0.0065574	1.85	19.7
0	3.2	19.7
0.00983611	2.35	19.7
0	2.05	19.7
0	1.85	19.4
0	1.65	19
0.0287429	2.1	19
0	2.25	19
0	2	19
0.0921508	2.55	19
0.0240866	1.95	19
0	1.7	18.4
0	2	18.4
0	1.9	18.3
0	1.9	18.3
0	2.55	18.3
0	2.85	18.3
0.070673	1.2	18.3
0.0277169	1.85	17.7
0.565819	1.1	17.6
0.418332	1	17.6
0.0503486	1.3	17.6
0	1.7	18.2
0	2.1	17.7
0.23738	2.35	17.6
0.674621	2.1	17.3
2.35337	0.65	16.9
0.245769	1.5	17.5
0.0207877	1.5	17.6
0	2.25	17.6
0	2.35	17
0.0173231	2.8	16.9
0.0846854	1.25	16.9
0.356938	1.9	16.9
0.514596	1.6	16.9
2.36168	0.45	16.9
1.24422	1	17.2
0.342074	1.25	17.6
0.707877	0.35	17.6
0.372866	1.25	17.6
0	1.5	17.3
0.0277169	1.8	16.9
0.241194	1.25	16.6
0.466846	1.55	16.2
0.121502	1.9	16.5
0	2.85	16.3
0	2.1	16.2
0	2.1	15.6
0.0653247	2.1	15.5
0	2.25	15.5
0	1.8	14.9
0.271969	2.95	15.4
0.934708	1.85	15.5
7.61371	0.45	15.8
6.5955	0.65	16.8
5.28394	0.15	21
0.630876	0.5	26.8
1.30862	0.6	28.6
0.918746	0.9	26.7
9.37001	0.2	25.6
11.1142	0.7	28.8
0.714663	1.35	36.7
0.0705506	1.6	46.9
0.0132385	1.35	52.2
1.01016	1.7	49.6
1.76757	0.15	47
0.251415	0.5	48.1
0.8444	0.85	47.1
3.21462	0.3	43.6
0.109285	0.9	41.2
0.0688527	1.05	41.1
0.274383	1.5	39
4.01903	0.1	38.7
0.609797	0.4	42.2
0	3.2	55.5
2.50599	0.85	66.5
16.5028	0.2	93.7
0	1.3	109
0	1.7	154
0.085804	4.1	137
0	3	122
0.0118279	1.95	122
0.0220542	4.5	114
0	5.1	95.8
0	6.65	73.3
0	6.4	62.6
0	3.55	55.5
0.00346461	8.4	51
0.191297	5.7	46.4
0	6.8	42.9
0	6.5	40.3
0.00692922	4.5	38.4
0	5.4	36.9
0	6.9	34.8
0.0317035	6.2	32.3
0	6.55	30
5.67404	4.3	28.4
0	6.2	28.6
0	6.05	29.4
0	6.7	29.8
0	7.65	28.8
0.610972	5.9	27.4
0	6.5	26
0.00346461	5.65	24.9
0.690945	6.35	24.2
0.244424	5.25	24.1
20.5065	2.15	24
5.12411	4.6	27.2
18.1284	1.35	193
7.08729	0.6	145
0.582094	3.55	330
2.87781	0.9	178
0.0921563	3.55	114
9.23705	1.4	84.4
2.03987	2.25	75.3
0.523835	4.95	92.6
0	3.95	81.7
0	5.75	67.5
0.216931	5.65	57.8
1.65207	3.95	50.3
17.9348	5.3	45.4
13.4621	4.5	57
0.885961	4.3	132
0.212397	4.4	136
0.307193	2	82.6
3.24646	3.25	61.9
0	4.2	54.3
3.69049	4.55	49.7
10.6107	2.95	52.8
0.458344	4.3	52
4.93803	5.4	69.1
0.41841	3.35	56.4
0.0765214	5.1	53.6
0	7.4	51.8
0	7.8	44.4
0.419592	6.95	38.1
5.85025	6.45	33.8
5.37532	2.1	32
0	2.15	38.7
0	4	35.4
10.3286	4.55	31.9
6.86726	1.05	31.1
2.67142	3.15	71.4
3.04037	1.15	67.9
0.820884	2.35	53.5
0.138584	1.85	46.6
0	3.6	41.8
0	2.45	37.9
0.126329	2.3	34.6
0.121465	4.35	31.8
0.00346461	6.2	30
0	7.25	28.3
0	5.8	26.1
0	6.1	24.5
0.700561	8.65	23.4
6.60199	6.2	22.6
1.18492	5.8	29.4
10.5891	5.7	25.6
1.08106	1.85	26
3.56616	6.75	30.8
0	5.25	29
0	5.6	28.3
0	7.35	25.2
0.258146	6.05	22.4
2.91318	3.95	20.6
57.3075	0.4	20.8
28.1707	0.5	197
1.66237	2.3	811
1.71737	2.4	413
5.46468	2.95	187
10.5882	1.6	129
9.26316	1.25	140
7.17564	0.95	224
1.9629	1.4	290
0.898078	5.25	192
1.09378	5.35	130
0.248643	5.35	101
2.12118	5.85	83.7
15.5247	6.3	73.2
5.44503	3.5	161
0.021666	5.8	138
15.3258	7.8	90.1
6.06636	1.95	122
0.120383	5.45	130
5.79619	6.25	105
14.1292	4.15	84
5.51246	1.25	107
3.08211	1.45	237
1.00254	3.75	179
1.42363	4	166
13.0723	1.1	111
11.1567	2.3	123
8.52699	1.75	194
2.80834	1.8	355
0.057268	2.8	296
1.31176	4.5	196
4.43547	4.6	133
12.8109	1.95	119
2.37232	2.45	166
7.88647	6.4	158
15.6957	3.35	160
8.36325	3.65	399
5.06261	4.25	468
6.7665	2.65	263
5.95087	3.75	211
5.47264	4.3	230
22.1885	3.55	244
18.498	1.3	354
3.69969	1.1	530
0.00855118	4.4	397
29.2406	2.7	240
18.0525	0.95	739
15.8137	0.65	986
0.598252	4.25	635
0.0409476	1.4	384
0	4.9	247
0.328524	4.6	183
14.2747	2.15	147
10.3586	1.1	156
0.311815	1.65	270
0.0493592	3.55	173
0.324744	2.9	130
0.00570079	3.6	111
5.50786	1.35	99.6
10.3122	1.3	95
16.1329	0.55	118
0.366874	2.35	378
0.0679377	3.6	223
0	3.6	157
0	4.75	123
0.7272	4.15	103
14.8424	4.25	90.5
8.02057	0.15	94.1
1.15594	1.9	146
0.398517	1.6	130
2.74603	1.75	104
18.8786	0.45	94.8
4.32956	1.15	211
0.276245	3.15	279
0.00855118	4.25	185
0.121261	3.95	134
0.0228031	2.55	108
1.81286	1.85	95.1
2.51488	2.5	89.4
1.58541	0.65	80.8
0.379278	0.85	73.4
0.420642	1.05	68.4
0.00551086	2.1	64.4
0.0065574	1.1	61.6
0.97129	2.2	57.9
0.196653	2.9	54.9
0.369621	2.2	52.5
0.128036	1.8	50.7
0.368411	2.8	49.2
0.218865	1.05	47.1
0.255331	0.5	44.4
0.0833934	0.8	43.5
3.89575	0.4	43
0.59508	1.3	43.5
0.1007	3.05	42.4
5.90176	1.5	40.2
0.186978	1.35	40.3
0	1.75	40.4
0	2	38.5
0.119246	0.95	37.3
5.33627	0.25	35.6
9.67974	0.35	35.3
9.00404	0.65	44.3
3.29483	0.25	83.5
9.06523	0.35	95.3
0.558259	0.85	98.1
0	2	129
5.21973	0.65	102
3.56819	0.25	79.3
3.05164	0.35	79.5
10.3187	0.2	90.3
4.2286	0.3	130
0.220469	0.65	211
0.0542174	1.4	162
0.0259984	1.15	121
0.005093	1.95	96.9
0.142049	1.65	81.2
0.0419634	1.35	69.6
0	0.75	62.7
0.062363	1.55	58.9
0.0229309	0.95	55
3.04763	0.25	52.8
0.651576	0.85	51.6
0	2	49.7
0	1.75	47.1
0	2.1	44.2
0.00236558	1.75	42.2
0	2.5	40.6
0	3	39.2
0.00473116	2.45	38.1
0	2.75	36.5
0	2.3	35.5
0.0348677	2.15	34.6
0	2.3	33.7
0	1.95	33.1
0.0706739	1.35	33.1
0	1.45	32.7
0	2.5	31.8
0	2.2	30.9
0	1.75	29.8
0	1.7	29.4
0	1.2	28.9
0	1.95	28.9
0	1.7	28.3
0.00337364	1.15	27.6
0	1.1	26.9
0	2	26.8
0	1.65	26.2
0	1.35	25.8
0	0.8	25.3
0	1.35	24.6
0	1.35	24.9
0	1.2	24.5
0	1.65	24.1
0	1.8	23.7
0	0.85	23.3
0	1	22.8
0	3.35	22.8
0	1.65	22.4
0	1.35	22
0	1.15	21.4
0	0.95	21.3
0	1.1	21.1
0	1.15	20.8
0	1.05	20.8
0	1	20.8
0.00692922	1	20.8
0	1.25	20.8
0	0.6	20.1
0	0.35	20
0.0986196	0.8	20
1.87747	0.2	20
1.54017	0.15	20
0.192384	0.45	20.7
1.05675	0.2	20.8
0.3012	0.85	20.8
0.146988	0.4	20.1
1.22069	0	19.9
1.07948	0.5	19.1
0.0267873	0.5	19.9
0.0446596	0.45	19.9
0.0372366	0.85	19.1
0.0504589	0.55	20
0.30106	1.05	19.5
5.40089	0.05	19.5
2.90127	0.1	20.3
1.81952	0.1	21.4
0.306767	0.2	21.8
1.41283	0.05	21.2
0.9677	0.5	20.6
4.89274	0.15	20.3
3.14513	0.1	21.2
2.81134	0.05	23
0.235583	0.85	23.1
0.0444208	0.55	22.1
0.0731636	0.35	20.7
0	0.6	20
0.219648	0.3	20
1.29596	0.2	19.5
0.0138584	0.55	19.5
0	0.6	19.5
0.0212902	0.5	19.5
0.4263	0.45	19.5
0	1	19.5
0.135875	0.7	19.5
0.0037797	0.55	19.5
0	2.05	19.5
0.195451	1.8	20
0.239944	2.05	20.5
0.0696858	1.25	20.6
0	1.05	19.8
0	0.85	19.4
0	1.1	18.5
0.173638	0.85	18.4
0.146327	1.15	17.9
0.260561	0.7	17.9
0.32537	0.35	17.6
2.27406	0.25	17.4
1.25009	0.25	17.9
0.0379125	1.05	17.9
0.0177862	0.7	17.9
0.209692	1.15	17.4
0	1.7	17.4
0.159372	1.8	17
0	2.05	17
0.0574857	2.2	17
0.282618	0.9	17.2
0.859932	0	17.9
4.2249	0	18.4
0.305071	1	18.7
0.865222	0.75	19.1
1.33772	0.3	18.4
6.17859	0.05	18.4
5.19615	0.25	18.5
8.49326	0.15	19.9
1.49989	0.75	20.4
0	1	20
0	0.55	20.6
0.155907	1.7	21.2
0.266775	2.5	35.4
0.546317	0.9	55.9
3.17992	0.05	57.3
2.38592	0.25	51.2
0.808922	1.2	51.1
0.306215	2.25	51.5
0.120786	2.45	45.1
0	1.8	40.5
0.0184148	2.7	36.7
0.0622953	2.55	35
0.27355	1.9	34.5
0	1.7	35
0	2.3	36.2
0	2.9	40.5
0.0658276	3.95	49.1
0.14384	3.85	54.3
0.314755	3.7	57.8
0.51746	3.55	64.4
0.388729	1.3	65.2
0.0163935	2.7	56.5
0.0381107	3.5	47.2
0.426878	2.75	43.8
3.76937	0.25	44.8
3.11606	0.45	43.9
3.00983	1.05	43
4.37938	0.05	39.5
0.552081	1.7	42.4
0	4.75	47.5
0	4.9	47.5
0.0810026	3.85	49.7
0.0568005	5.55	51.2
0	5.35	49.8
0.105119	1.4	53.4
1.73838	3	50.3
12.8239	0.45	49.5
1.04752	2	116
0.323075	0.95	98.3
0.127519	3.6	78.5
0.674727	1.05	66.9
0.0156779	2.95	57.8
0.00642175	2.7	52.9
0.180028	3.85	50.3
12.3173	0.4	47.8
13.8181	0.2	51.8
2.11419	0.2	138
0.0245237	1.2	227
0.0576681	1.95	157
0.68153	4.4	123
0.0381107	5.15	106
0.0970091	5.3	93.9
0.237247	5.7	82.9
0	3.25	70.3
11.185	4.3	62.4
0.856043	1.9	70.9
0.636979	2.55	107
0.0992935	4.5	83.1
0	4.8	64.1
0	5.8	55.1
2.20506	5.6	49
25.1336	0.95	52.5
9.30705	0.3	271
3.06306	0.3	311
0	2.6	306
0	4.15	214
0	4.7	154
0.319972	5.05	118
0.259858	5.4	97.2
0.0284854	4.85	81.6
7.30964	0.65	71.1
0	3.8	72.4
0.35983	4.85	66.2
17.2676	1.9	57.9
1.54941	0.65	73.9
6.48243	3.55	141
2.04787	1.45	126
0.257679	5	131
1.69238	4.05	101
0.251168	1.45	83
0.224881	4.95	72.7
0	6.05	64.1
0.0621867	3.6	56.3
9.00811	3.95	51
6.06672	1.65	49.2
5.78027	0.3	58.8
0.163799	4.95	66.9
0.89971	4.7	68.5
0.0966805	5.9	58
0.042854	4.5	49.7
2.95418	0.55	44.2
0.088525	4.6	42.3
0	5.1	39.4
1.17466	3.95	35.8
0.564481	4.85	33.5
0.949513	5.65	32.9
0	7	31.8
8.29797	5.7	30.6
0.649448	2.8	35.4
0.121623	5.65	34.4
0.453996	6.15	31.4
17.0798	1	28.7
6.98349	1.05	67
0.216903	4.9	120
2.62247	1.05	72.9
0.410488	2	54.8
0.733422	1.6	45.1
1.94965	1.1	39.5
10.3368	0.65	37.3
0.11391	3.05	88
0.28204	2	97.8
0.93131	1.75	64.4
4.53259	1.55	51.6
0.312258	3.7	46.5
0.69632	1	41.1
0.601361	0.8	35.8
0.384588	1.45	33.5
0	6.05	31.8
0.124726	6	30.2
0.367396	4.05	29.3
16.8678	0.95	28.7
6.61485	0.3	34.3
0.314803	3.65	64.6
0.0762214	5.35	69.1
0	5.9	52
2.53453	4.9	42.3
0.59921	5.85	43.5
3.31109	4.55	36
0.273064	5.25	34.9
12.0376	0.5	34
1.48693	0.8	40.8
14.5493	0.8	84
9.20069	2.9	117
1.27021	5.15	255
35.8197	0.45	127
40.2395	0.15	723
0.0381107	2.2	1560
0.285825	4.6	491
1.07117	4.7	246
5.92773	2.15	170
1.90434	2.8	139
9.63687	1.95	116
3.6428	3.4	139
0.715814	5.15	176
0.498628	5.55	142
0.182524	5.1	117
8.55247	5.7	88.3
19.4981	5.55	79.5
2.41384	2.3	156
6.54555	3.55	194
20.0983	2.7	181
5.6885	0.3	323
0.514823	2.45	319
0.166301	4.65	197
0.732741	4.35	138
0.256843	3.8	109
0.370713	5.55	91.5
0.647882	3.8	75.4
0	3.45	66.7
2.41039	2.8	60
0.652278	3.7	55
1.37434	5.8	56.9
0.559672	4.45	57.3
3.97785	4.5	50.9
3.43731	3.15	55.3
0.283135	2.9	60.3
0.957434	5.55	49.2
11.6212	6	48.1
6.04711	1.65	58.6
4.70397	0.7	74.3
7.11764	1	65.5
3.82081	2.6	87.1
4.31121	1.5	121
7.0371	0.9	112
26.9278	0.15	89.6
1.78703	1.45	395
0	5.05	402
0	4.65	190
0.0076395	4.9	117
0.123725	3.3	88.3
0.64293	3.2	70.8
15.7704	2.3	63.2
2.08126	1.45	92
1.09277	2.1	138
1.29219	3.85	91.8
4.54131	3.6	85.4
9.01178	0.95	74.5
2.66384	0.65	164
0.291072	4.35	151
0.153757	3.7	94.4
7.17865	4.4	72.8
0.194018	3.35	66.7
0	4.15	62.7
0.00236558	4.05	55.9
6.77521	0.6	51.2
15.0829	0.3	54.3
18.0496	0.1	113
9.67873	0.35	370
0.204931	1.45	412
0	3.6	265
0.566086	3.65	166
0.173231	3.35	121
0.00296436	4.15	98
0.5192	1.35	83.4
0.0705506	3.15	74.6
0.239058	3.6	68.5
0.325002	2.05	62.4
0.0415753	2.9	57.8
0.0944231	3.95	54.7
1.44851	1.8	52.3
4.09355	0.55	49.4
13.1081	0.05	52.5
1.42181	0.85	91.4
11.6229	0.6	130
4.63099	0.6	153
0.654191	1.5	176
0.00727006	0.55	119
0	0.8	91.7
0.198669	1.95	77.8
0.247701	2.2	68.3
2.38893	1.9	61.3
8.1758	0.4	57.4
0.128371	1.35	61.4
0	2	66
0.2012	2.15	61.9
0	1.4	55.6
0.0940675	1.25	50.9
0	2.95	47.5
0	2.55	44.8
0	2.6	42.5
1.1935	2.75	40.6
3.1704	0.1	39.4
0.122361	2.55	40.5
0.189729	1.45	38.7
1.29966	1	36.1
0.01685	1.35	35.2
0	2.3	34.3
0	2.8	32.9
0	2.75	31.7
0	2.5	31
0	1.1	30.3
0.362603	2.15	29.9
1.10901	2.6	29.5
3.58192	0.55	29.5
0.184208	1	30.4
0.101051	1.5	31.2
0	1.55	30
0	3.35	29.2
0	2.7	27.7
7.7204	0.7	26.9
2.36111	0.15	29.8
1.62581	0.25	33.6
1.47579	0.45	32.9
0.679379	0.55	31.7
10.1623	0.55	33.9
0	1.45	54.6
0.0692922	1.65	57.3
0	1.4	45.5
0.720787	0.3	39.6
1.36446	0.2	35.5
1.61194	0.5	34.4
3.25698	0.35	33.9
0.35696	0.55	34.2
0.0838399	0.55	34.7
0.0444208	1.15	33
0.0732683	1.75	32.1
0	1.95	31.3
0.0363503	0.85	30.3
0.323611	0.5	30.2
0	0.65	29.6
0.0202188	0.85	28.9
0	0.7	28.3
0	0.75	27.6
1.21626	0.25	26.9
0.771896	0.9	27.1
0	1.6	27.2
0	0.95	26.5
0	0.9	25.9
0	0.95	25.2
0	1.2	24.6
0	1.05	24.3
0	1.25	24
0	1.65	23.7
0	1.2	23.7
0	1.45	23.4
0.0692922	1.9	23.1
0.0866153	1.65	22.5
0	0.45	22.5
0	0.8	22.3
8.3343	0.1	22.5
1.77659	0.05	24.3
0.148358	1.1	26.6
0.0548727	0.85	25.6
0	1.35	24
0	0.85	23.1
0.145885	0.6	22.5
0.920095	0.3	22
0.764795	0.35	22
10.1684	0.1	21.8
1.24898	0.25	23.4
0.194924	0.55	26.2
0.299564	0.7	26.2
0.183624	0.65	24.7
0	0.75	24
0.18243	0.5	23.4
2.77488	0.4	23.4
0	0.9	23.7
0	0.55	23.4
0	0.5	23.1
0	0.6	22.5
0	0.8	22.3
0	0.3	21.9
0	0.95	21.9
0	0.75	21.3
0	0.85	20.8
0.0658276	0.6	21.2
0.0658276	1	21
1.22073	0.2	20.7
0.114254	0.6	20.9
0	0.35	20.7
0	0.35	20.5
0	0.6	20.2
0.00973392	0.3	19.9
1.83246	0.15	19.6
0	0.5	19.6
0.0450399	0.35	19.6
0.263225	0.75	19.8
0	0.45	19.2
0.339197	1	18.5
0	0.9	18.5
0	0.65	18.3
0.0103938	1.5	18
0	0.85	18
0	0.4	18
0	0.75	18
0.025275	1.35	17.5
0.840569	0.1	17.5
0.517681	0.35	17.5
7.10048	0.05	18
0.139471	1.05	18.4
0.194742	0.9	18.7
0.708579	0.3	18.5
0.0679377	0.85	17.9
0.0727568	1.1	17.9
0.0671312	0.4	18
0.010186	0.6	17.5
0.0456219	0.8	17.7
0.0277169	1.25	17.5
0.0832752	1.25	17.5
0.089528	0.45	17.5
0	2.2	17.5
0.0418078	2.15	17.9
0.0278873	1.95	18
0.0968301	1.6	18.5
0.164087	0.4	19.9
6.64496	0.4	22.6
3.05021	0.15	25.4
1.12427	0.2	31.2
0.186344	0.9	31.8
0.325747	0.8	30.1
2.79181	0.1	31.3
0.445981	0.8	35.1
0.865742	1.25	39.2
1.03335	0.8	37.7
0.254402	0.95	35.6
0.247763	0.9	33.3
0.478898	0.85	30.8
0.17835	0.95	29.3
0	0.95	27.3
1.57383	0.4	26
0.39773	0.9	25.1
0.0207877	1.15	25
0.0418904	1.75	25
0	2.5	25.3
0	1.9	26.3
0.0242523	2.15	27.7
0	2.45	29
0	2.3	30.5
0	3.3	32.6
0	3.5	37.5
0.061116	2.65	43.1
1.96298	0.95	42.9
0.114254	2.8	42.3
0.506787	2.95	39.5
0.032696	2.95	37.2
0	3.8	35.7
0	4.2	35.2
0.91728	3.7	35.2
10.6056	3.35	36.1
1.90079	2.7	39.4
0.159002	2.05	118
0.125254	1.4	91.2
11.698	0.55	72.5
3.333	0.9	93
0.871687	0.4	134
0.133759	0.85	109
0.0658276	2.1	88.6
0.0632412	2.25	77.6
0	3.35	69.3
0.118542	3.55	61
0.902958	2.7	55.5
2.82184	2.1	52
0.079686	2.6	50.1
0.0287429	3.5	46.1
0.0692922	4	41.3
0.221446	5.1	37.4
0	5.55	35
0	4.35	33.3
0.246148	4.4	31.5
3.20254	3.6	30.2
0.211873	4.25	32.7
0.0415753	5.05	32
0.262866	5.45	28.7
0.0287745	5.15	26.7
0.0700537	3.85	25.6
0.144018	3.15	24.8
0.131655	2.2	24.4
4.38432	1.75	23.9
1.85293	3.75	24.3
7.12483	0.9	24.6
7.78932	0.45	34.7
0.607444	4.05	78.9
3.38141	1.3	86.7
0.674524	1.6	63.3
0.861718	4.05	56.3
0.0644932	3.35	51.6
11.5746	1.7	45.5
11.0236	0.5	41
8.0527	0.15	166
12.7901	0.3	432
3.37911	2.75	531
6.87295	1.7	284
0.26331	4.45	265
0.339141	3.9	171
0.0277169	5.55	126
0	6.3	101
0	5.7	80.5
0.0900799	5.75	66.6
1.59652	4.45	57.8
0	6.3	52.9
0	6.6	48.6
2.84147	3.4	43.3
0.540468	5.55	41.1
21.0392	2.2	39.5
32.8667	1.05	151
3.58543	2.4	850
0.39606	4.65	392
0.00296436	4.8	220
1.55303	4.55	151
14.426	0.7	118
6.75871	0.4	157
1.30293	0.8	175
0.288303	2.2	144
0.394966	4.6	116
0.273704	4.6	94.3
0.305518	4.3	79.9
0.657247	4.45	70.5
1.27944	2.1	63.3
4.51391	1.95	58.9
0.0950205	4.3	59.4
0	5.95	56.6
0	6.1	47.8
0.263076	6.25	42.7
0.184208	6.4	39.1
0.0277169	7.2	37.1
0.15053	7.45	35.3
6.42015	3.55	34.1
2.37637	1.45	34.4
0	5.6	36
0	5.9	33.6
0	4.6	30.5
0	3.55	28.2
0.0381107	6.55	27.5
0	5.9	26.8
0.107053	6.9	25.4
0	7.8	24.4
0.401346	4.25	23.6
9.95868	0.95	23.1
36.5749	0.05	24.5
12.8564	0.6	95.6
0.0728916	2.3	247
0	5.05	127
0.595315	5.2	78.5
13.4576	2.5	54.7
19.7277	0.4	51.8
0.164994	1.6	243
0.850924	4.45	215
8.00167	5.7	129
3.53002	2.4	130
20.06	0.85	103
33.5739	0.65	335
1.08091	2.35	1030
0.13512	4.6	408
0	5.15	230
0.155907	5.5	160
0.799889	1.25	124
14.746	2.3	107
0.88694	4.55	181
0	4.95	163
0.044946	5.65	119
0.92151	6.85	97.1
0.022105	5.1	81.3
0.536132	4.4	71.6
0.360141	6.6	64.2
0.0104902	6.5	58.1
1.41158	6.7	53.6
14.8092	2.05	48.9
2.85112	2.4	80.4
0	4.15	76.5
0.474424	3.3	59.2
14.6978	2.25	50.5
1.60109	1.2	62.1
2.79372	1.7	72.9
0.77224	3	60.7
1.38132	4.9	63.8
16.3774	5.45	63.3
4.57832	2.7	111
8.76102	4.4	121
14.2755	1.75	137
7.57913	3	195
1.2665	4.2	250
0.0907128	5.4	178
0.69855	2.95	145
0	5.45	108
0.453864	5.55	83.1
0.0970091	5.9	67.1
0	6.1	57.1
0	6.1	50.5
1.00725	5.05	45.5
2.36734	3.6	44.4
0.838526	5.5	42
0.419263	5.8	39.2
0.879335	5	37.8
0.244185	5.45	37.4
24.2919	2.15	39.7
26.6255	0.8	94.5
37.8888	0.7	204
4.78899	0.6	1120
2.47273	0.8	503
0	4.05	287
0	4.95	193
0	5.2	138
0	4.95	109
0.228664	5.95	92.2
0.526621	4.7	80.6
0.384572	3.4	71.7
0.0866153	4.5	67
0.378867	2.7	63.5
3.03143	3.85	60
4.11723	3.55	59.8
0.0431122	3.35	62.1
0	4	55.6
0.10517	3.9	52.2
1.18841	4.65	48.4
0.97949	2.85	46.4
1.40187	1.9	45.8
1.25682	1.95	45.3
2.12587	1.1	45.3
0.643292	1.5	44.9
0.409773	1.1	43.7
0.226677	2	43.6
5.78295	1.1	42.8
2.24533	0.9	43.5
0.403364	3.15	46
4.60546	1.25	45
0.0354837	2.1	45.2
0	3.65	43.7
0.301421	3.05	40
0.0519692	2.9	37.8
0	4.2	35.5
0	3.95	33.9
0	4.15	32.6
0	3.95	31.3
0.391501	2.35	30.2
6.0325	1.75	30
0.0991773	2.1	35
0	2.85	34.2
0	3.1	32.1
0	1.4	30.5
0	3.45	29.3
0.13512	3	28.9
0.235594	3.55	27.7
0.217008	3.65	27
5.66061	1.85	26.6
0.726141	1.3	26.4
0.32194	3.15	27.2
0.0103938	2.45	27.6
0	3.35	27.3
0	2.3	26.6
0	3.45	26.1
3.9471	1.15	25
19.5061	0.25	25.2
2.64961	0.3	29.5
0.0173231	0.5	45.3
0.200947	2.4	47.8
0.00692922	3.25	39.3
0.0469115	2.6	34.4
4.01599	0.4	30.8
9.53021	0.6	31.4
1.06933	0.3	35
1.02364	0.2	46.2
0.20448	0.65	48.4
1.4655	0.2	48.8
4.10279	0.25	50.7
2.30117	0.7	51.6
1.47642	2.5	68.3
0	3.55	67.3
0	2.2	53.4
0	1.9	45.6
0	2.4	38.8
0	2.2	36
0	2.05	32.8
0	2.05	30.5
0	1.9	28.9
0	1.65	27.7
1.86587	0.3	26.6
0	1.4	25.8