4119430
4119431
4119440
4119441
4119442
4119445
4119447
4119450
4119451
4119452
4119453
4119460
4119461
4119510
4119650
4119800
4120110
4120111
4120120
4120121
4120125
4120200
4120300
4120301
4120320
4120321
4120322
4120330
4120900
4120902
4120955
4120956
4120960
4121100
4121101
4121110
4121120
4121126
4121130
4121131
4121146
4121147
4121150
4121160
4121161
4121162
4121300
4121301
4121304
4121310
4121311
4121320
4121321
4121330
4121340
4121341
4121401
4121420
4121430
4121800
4121801
4121802
4122101
4122105
4122130
4122131
4122132
4122133
4122134
4122141
4122150
4122151
4122152
4122154
4122155
4122160
4122165
4122170
4122180
4122190
4122201
4122211
4122212
4122221
4122222
4122230
4122250
4122251
4122255
4122260
4122271
4122300
4122350
4122351
4122352
4122360
4122370
4122600
4122603
4122620
4122635
4122636
4122637
4122639
4122650
4122700
4122701
4122900
4122901
4122902
4122903
4123050
4123062
4123063
4123080
4123081
4123082
4123083
4123090
4123095
4123100
4123110
4123111
4123130
4123131
4123135
4123136
4123137
4123200
4123201
4123202
4123205
4123206
4123207
4123225
4123230
4123235
4123245
4123260
4123268
4123270
4123275
4123277
4123278
4123280
4123300
4123301
4123320
4123330
4123335
4123340
4123341
4123350
4123351
4123352
4123355
4123370
4123380
4123381
4123382
4123400
4123510
4123550
4123811
4125010
4125020
4125026
4125027
4125050
4125060
4125061
4125062
4125063
4125064
4125070
4125075
4125080
4125100
4125110
4125200
4125500
4125550
4125551
4125552
4125555
4125560
4125561
4125565
4125802
4125803
4125804
4125810
4125901
4125903
4125910
4125911
4125915
4125917
4125918
4125940
4125941
4125942
4125943
4126100
4126300
4126301
4126350
4126351
4126701
4126750
4126800
4126801
4126804
4126805
4126806
4126850
4127150
4127202
4127310
4127501
4127502
4127503
4127700
4127701
4127800
4127920
4132010
4132200
4132800
4132900
4133100
4133250
4133260
4133401
4133450
4133500
4133501
4133651
4133700
4133701
4133801
4134300
4134350
4134500
4135100
4135205
4135210
4135215
4135300
4135500
4136300
4136500
4143310
4143500
4143770
4146100
4146130
4146140
4146141
4146145
4146180
4146200
4146210
4146270
4146281
4146320
4146360
4146400
4146410
4147010
4147110
4147111
4147380
4147381
4147450
4147460
4147461
4147462
4147463
4147475
4147490
4147491
4147500
4147502
4147505
4147600
4147601
4147606
4147650
4147651
4147700
4147701
4147703
4147704
4147710
4147715
4147720
4147721
4147725
4147726
4147900
4147901
4147902
4147904
4147905
4147907
4147950
4148070
4148090
4148092
4148120
4148121
4148125
4148210
4148230
4148231
4148232
4148300
4148310
4148321
4148325
4148410
4148535
4148541
4148570
4148610
4148650
4148655
4148720
4148750
4148855
4149110
4149120
4149121
4149123
4149300
4149301
4149350
4149360
4149401
4149405
4149410
4149413
4149420
4149630
4149631
4149632
4149670
4149682
4149690
4149691
4149710
4149711
4149780
4149810
4149850
4149950
4150280
4150281
4150282
4150283
4150310
4150315
4150331
4150450
4150451
4150460
4150461
4150462
4150465
4150471
4150475
4150501
4150502
4150503
4150505
4150509
4150510
4150515
4150585
4150600
4150605
4150681
4150700
4151300
4151400
4151511
4151512
4151513
4151514
4151515
4151600
4151610
4151620
4151650
4151651
4151801
4151802
4151803
4151805
4152050
4152120
4152200
4152201
4152300
4152301
4152450
4152460
4152465
4152550
4152551
4152552
4152553
4152560
4152570
4152580
4152590
4152600
4152601
4152602
4152610
4152650
4152651
4152660
4152700
4152701
4152800
4203050
4203060
4203152
4203160
4203165
4203201
4203210
4203220
4203250
4203300
4203330
4203335
4203340
4203400
4203410
4203425
4203500
4203501
4203510
4203530
4203700
4203750
4203755
4203770
4203790
4203820
4203850
4203870
4203900
4203901
4203910
4204010
4204050
4204100
4204500
4204900
4207150
4207180
4207190
4207200
4207220
4207300
4207305
4207310
4207320
4207321
4207380
4207600
4207750
4207800
4207830
4207900
4208025
4208030
4208040
4208050
4208060
4208065
4208072
4208130
4208135
4208159
4208169
4208175
4208210
4208220
4208221
4208225
4208245
4208247
4208250
4208251
4208252
4208256
4208258
4208260
4208267
4208270
4208271
4208272
4208274
4208275
4208285
4208290
4208295
4208315
4208317
4208320
4208325
4208326
4208335
4208350
4208358
4208360
4208365
4208399
4208427
4208440
4208450
4208457
4208461
4208470
4208480
4208487
4208491
4208492
4208500
4208505
4208507
4208510
4208515
4208520
4208530
4208536
4208540
4208541
4208545
4208555
4208560
4208561
4208565
4208570
4208585
4208590
4208645
4208650
4208730
4208734
4208792
4208821
4208855
4208882
4208895
4208940
4208941
4208950
4208955
4208962
4208971
4208975
4208977
4208978
4208979
4208983
4208986
4208987
4208988
4208989
4209155
4209401
4209550
4209805
4209806
4209850
4213031
4213041
4213045
4213047
4213060
4213080
4213095
4213101
4213102
4213111
4213134
4213172
4213183
4213193
4213210
4213211
4213240
4213250
4213315
4213341
4213355
4213400
4213401
4213410
4213415
4213440
4213510
4213540
4213550
4213563
4213564
4213570
4213571
4213573
4213590
4213593
4213594
4213603
4213650
4213680
4213681
4213683
4213710
4213715
4213730
4213740
4213765
4213780
4213800
4213810
4213835
4213840
4213850
4213880
4213890
4213910
4213945
4213956
4214036
4214050
4214051
4214070
4214080
4214090
4214100
4214105
4214106
4214107
4214210
4214260
4214262
4214263
4214264
4214270
4214275
4214280
4214285
4214287
4214290
4214295
4214297
4214298
4214310
4214320
4214330
4214350
4214400
4214420
4214430
4214440
4214470
4214500
4214505
4214507
4214510
4214530
4214531
4214550
4214560
4214565
4214610
4214621
4214670
4214680
4214701
4214750
4214760
4214810
4214820
4214830
4214920
4215011
4215050
4215090
4215100
4215101
4215102
4215103
4215180
4215200
4215210
4215220
4215230
4215250
4215260
4215320
4215426
4215460
4215660
4215680
4215700
4215706
4220501
4231200
4231250
4231601
4231602
4231610
4231620
4231621
4231650
4231680
4232010
4232600
4232700
4232750
4232800
4232900
4234300
4234400
4234500
4234550
4234600
4234650
4234680
4234700
4234701
4235101
4235191
4236600
4236700
4243070
4243080
4243100
4243210
4243215
4243240
4243270
4243300
4243301
4243330
4244450
4244460
4244500
4244550
4244610
4244630
4244635
4244650
4244730
4244760
4244770
4244785
4244830
4244850
4244960
4244985
4351130
4351150
4351420
4351710
4351900
4355300
4355310
4355340
4355350
4355400
4355450
4355500
4355700
4355950
4357110
4358110
4358120
4358300
4358520
4358600
4358800
4361100
4362110
4362130
4362201
4362600
4769250
4977010
4977060
4977350
4977710
5101050
5101110
5101130
5101161
5101190
5101200
5101201
5101250
5101290
5101301
5101303
5101305
5101380
5101381
5101450
5104230
5104245
5109110
5109150
5109170
5109200
5202040
5202043
5202044
5202049
5202050
5202060
5202070
5202075
5202080
5202100
5202102
5202105
5202160
5202180
5202227
5204013
5204015
5204101
5204104
5204105
5204106
5204120
5204125
5204180
5204251
5204252
5204253
5204300
5204301
5204302
5204303
5204400
5204401
5204402
5204450
5204452
5204460
5223100
5302229
5302240
5302242
5302250
5302365
5302400
5304070
5304080
5304140
5402102
5404270
5410100
5606020
5606042
5606050
5606100
5606130
5607080
5607200
5607400
5607410
5607450
5607500
5608095
5608400
5708125
5708130
5708145
5708148
5708185
5709111
5803180
5803600
5803601
5864500
5865300
5865550
5865600
5868050
5868100
5869401
5870600
6115500
6116200
6125350
6128100
6139710
6140300
6140400
6140401
6140450
6140480
6140500
6140600
6142110
6142120
6142150
6142200
6142520
6142600
6142620
6142650
6142660
6144100
6144200
6144300
6144400
6157100
6158100
6172050
6172200
6213750
6213800
6216700
6220500
6229100
6232900
6232910
6233100
6233150
6233170
6233221
6233250
6233360
6233400
6233500
6233501
6233551
6233650
6233680
6233700
6233710
6233720
6233750
6233780
6233800
6233850
6242100
6242250
6242401
6242500
6242501
6243030
6243850
6246600
6246610
6246611
6246612
6279500
6321100
6335020
6335050
6335060
6335070
6335100
6335115
6335125
6335150
6335170
6335180
6335200
6335240
6335290
6335301
6335302
6335303
6335304
6335350
6335400
6335500
6335600
6335601
6335602
6335800
6336050
6336500
6336800
6336900
6337100
6337200
6337250
6337400
6337500
6337501
6337502
6337504
6337505
6337506
6337507
6337508
6337509
6337510
6337511
6337512
6337513
6337514
6337515
6337516
6337517
6337518
6337519
6338100
6338110
6338120
6338130
6340110
6340120
6340130
6340140
6340150
6340160
6340170
6340180
6340190
6340200
6340300
6340301
6340302
6340500
6340501
6340510
6340600
6340611
6340700
6340800
6341500
6342500
6342510
6342600
6342800
6342900
6342910
6342920
6342925
6343100
6343500
6343900
6357010
6357500
6357501
6373300
6373400
6401080
6401090
6401500
6401601
6401800
6421100
6421101
6421102
6421500
6435060
6442450
6442500
6442600
6444100
6444110
6444380
6444600
6457010
6457200
6457220
6457250
6457260
6457290
6457300
6457707
6457800
6457810
6457820
6457830
6457840
6457850
6457870
6457955
6457956
6457985
6457990
6458010
6458203
6458406
6458450
6458713
6458753
6458805
6458863
6458924
6502140
6502141
6502160
6503100
6503160
6503250
6503260
6503280
6503281
6503282
6503290
6503291
6503300
6503351
6503352
6503353
6503500
6503851
6542100
6542200
6544100
6545050
6545100
6545101
6545150
6545200
6545300
6545400
6545700
6545800
6546610
6547200
6547500
6574011
6574150
6574300
6574350
6574360
6590700
6593500
6594050
6594080
6603120
6603300
6603310
6603320
6603330
6604160
6604201
6604220
6604240
6605300
6605330
6605420
6605550
6605560
6605565
6605570
6605700
6605730
6607130
6607225
6607250
6607520
6607710
6607851
6608210
6608240
6608501
6609400
6609500
6642100
6642200
6730330
6730500
6730501
6731160
6731500
6731555
6731680
6731905
6731907
6731910
6731920
6742200
6742201
6742451
6742500
6742552
6742700
6742701
6742800
6742900
6742912
6744100
6744200
6744201
6744600
6781800
6794255
6830510
6830511
6854100
6854101
6854200
6854210
6854301
6854320
6854590
6854600
6854620
6854700
6854710
6854800
6854900
6855401
6855402
6934150
6934250
6934350
6934700
6934750
6935020
6935050
6935051
6935052
6935053
6935054
6935055
6935145
6935300
6935301
6935302
6935310
6935400
6935401
6935402
6935500
6939050
6939200
6939500
6943100
6948100
6970400
6970500
6970560
6970700
6970701
6971130
6971401
6971451
6971600
6975110
6976450
6977100
6978250
6978251