           0  0.8751186    
           1  0.8788197    
           2  0.9064393    
           3  0.8811000    
           4  0.9140578    
           5  0.9198558    
           6  0.8721589    
           7  0.9164020    
           8  0.9216193    
           9  0.9128819    
          10  0.9210177    
          11  0.9279460    
          12  0.9165562    
          13  0.9250677    
          14  0.5499521    
          15  0.9023015    
          16  0.8887628    
          17  0.9135479    
          18  0.9276357    
          19  0.3197063    
          20  0.8076879    
          21  0.8930222    
          22  0.8787503    
          23  0.7695470    
          24  0.9063265    
          25  0.9079323    
          26  0.9161015    
          27  0.7393012    
          28  0.8900031    
          29  0.9141724    
          30  0.9270679    
          31  0.9213158    
          32  0.7967840    
          33  0.8609975    
          34  0.8901351    
          35  0.8977696    
          36  0.8883151    
          37  0.9306352    
          38  0.9194281    
          39  0.6312975    
          40  0.9111646    
          41  0.9031013    
          42  0.9235891    
          43  0.8954203    
          44  0.9272632    
          45  0.9258842    
          46  0.9234117    
          47  0.8527838    
          48  0.7373097    
          49  0.9291293    
          50  0.9204644    
          51  0.6703622    
          52  0.8974605    
          53  0.7409423    
          54  0.8973402    
          55  0.8914254    
          56  0.8767615    
          57  0.8420018    
          58  0.9236775    
          59  0.8094884    
          60  0.9064896    
          61  0.9084341    
          62  0.8902832    
          63  0.6216551    
          64  0.9228913    
          65  0.8884894    
          66  0.9186047    
          67  0.9164914    
