  0.8180000      5.2000001E-02  9.0000004E-02  0.9700000      0.9900000    
   7.113000    
  0.8480000      7.1000002E-02  0.1180000      0.9780000      0.9620000    
   7.946000    
  0.9060000      0.2100000      3.9999999E-02  0.9350000      0.9650000    
   9.646000    
  0.9880000      0.1460000      0.1950000      0.9100000      0.9110000    
   12.03500    
   1.052000      0.2290000      0.1990000      0.8670000      0.9000000    
   12.88000    
   1.108000      0.3070000      0.1430000      0.8300000      0.9390000    
   4.082000    
   1.113000      0.4500000      2.0000000E-02  0.8660000      0.9000000    
   12.85800    
   1.071000      0.1650000      0.2300000      0.8480000      0.9000000    
   12.43000    
  0.9890000      0.2850000      7.4000001E-02  0.9040000      0.9390000    
   11.45400    
  0.9090000      0.2100000      5.2000001E-02  0.9440000      0.9300000    
   9.842000    
  0.8360000      0.1240000      5.9000000E-02  0.9610000      0.9800000    
   8.182000    
  0.8140000      6.8000004E-02  7.1000002E-02  0.9750000      0.9910000    
   7.030000    
  0.7860000      5.9999999E-02  7.4000001E-02  0.9750000      0.9910000    
   6.797000    
  0.8370000      7.9000004E-02  0.1080000      0.9570000      0.9750000    
   7.999000    
  0.9140000      0.1110000      0.1460000      0.9290000      0.9500000    
   9.547000    
  0.9960000      7.4000001E-02  0.2640000      0.8930000      0.9150000    
   12.10800    
   1.057000      0.1320000      0.2670000      0.8350000      0.9000000    
   12.25500    
   1.138000      0.3610000      6.7000002E-02  0.8550000      0.9050000    
   13.97200    
   1.088000      0.4500000      2.5000000E-02  0.8670000      0.9000000    
   13.85300    
   1.066000      0.3060000      9.7999997E-02  0.8780000      0.9000000    
   13.41000    
  0.9870000      0.1740000      0.1580000      0.8880000      0.9290000    
   10.33500    
  0.9060000      0.1510000      0.1220000      0.9370000      0.9480000    
   9.526000    
  0.8290000      9.7000003E-02  8.6999997E-02  0.9590000      0.9760000    
   7.947000    
  0.8050000      5.0999999E-02  8.6999997E-02  0.9700000      0.9900000    
   7.056000    
  0.7980000      5.2999999E-02  8.9000002E-02  0.9720000      0.9900000    
   6.984000    
  0.8180000      5.2000001E-02  9.0000004E-02  0.9700000      0.9900000    
   7.113000    
  0.8480000      7.1000002E-02  0.1180000      0.9780000      0.9620000    
   7.946000    
  0.9060000      0.2100000      3.9999999E-02  0.9350000      0.9650000    
   9.646000    
  0.9880000      0.1460000      0.1950000      0.9100000      0.9110000    
   12.03500    
   1.052000      0.2290000      0.1990000      0.8670000      0.9000000    
   12.88000    
   1.108000      0.3070000      0.1430000      0.8300000      0.9390000    
   4.082000    
   1.113000      0.4500000      2.0000000E-02  0.8660000      0.9000000    
   12.85800    
   1.071000      0.1650000      0.2300000      0.8480000      0.9000000    
   12.43000    
  0.9890000      0.2850000      7.4000001E-02  0.9040000      0.9390000    
   11.45400    
  0.9090000      0.2100000      5.2000001E-02  0.9440000      0.9300000    
   9.842000    
  0.8360000      0.1240000      5.9000000E-02  0.9610000      0.9800000    
   8.182000    
  0.8140000      6.8000004E-02  7.1000002E-02  0.9750000      0.9910000    
   7.030000    
  0.7860000      5.9999999E-02  7.4000001E-02  0.9750000      0.9910000    
   6.797000    
  0.8370000      7.9000004E-02  0.1080000      0.9570000      0.9750000    
   7.999000    
  0.9140000      0.1110000      0.1460000      0.9290000      0.9500000    
   9.547000    
  0.9960000      7.4000001E-02  0.2640000      0.8930000      0.9150000    
   12.10800    
   1.057000      0.1320000      0.2670000      0.8350000      0.9000000    
   12.25500    
   1.138000      0.3610000      6.7000002E-02  0.8550000      0.9050000    
   13.97200    
   1.088000      0.4500000      2.5000000E-02  0.8670000      0.9000000    
   13.85300    
   1.066000      0.3060000      9.7999997E-02  0.8780000      0.9000000    
   13.41000    
  0.9870000      0.1740000      0.1580000      0.8880000      0.9290000    
   10.33500    
  0.9060000      0.1510000      0.1220000      0.9370000      0.9480000    
   9.526000    
  0.8290000      9.7000003E-02  8.6999997E-02  0.9590000      0.9760000    
   7.947000    
  0.8050000      5.0999999E-02  8.6999997E-02  0.9700000      0.9900000    
   7.056000    
  0.7980000      5.2999999E-02  8.9000002E-02  0.9720000      0.9900000    
   6.984000    
  0.8180000      5.2000001E-02  9.0000004E-02  0.9700000      0.9900000    
   7.113000    
  0.8480000      7.1000002E-02  0.1180000      0.9780000      0.9620000    
   7.946000    
  0.9060000      0.2100000      3.9999999E-02  0.9350000      0.9650000    
   9.646000    
  0.9880000      0.1460000      0.1950000      0.9100000      0.9110000    
   12.03500    
   1.052000      0.2290000      0.1990000      0.8670000      0.9000000    
   12.88000    
   1.108000      0.3070000      0.1430000      0.8300000      0.9390000    
   4.082000    
   1.113000      0.4500000      2.0000000E-02  0.8660000      0.9000000    
   12.85800    
   1.071000      0.1650000      0.2300000      0.8480000      0.9000000    
   12.43000    
  0.9890000      0.2850000      7.4000001E-02  0.9040000      0.9390000    
   11.45400    
  0.9090000      0.2100000      5.2000001E-02  0.9440000      0.9300000    
   9.842000    
  0.8360000      0.1240000      5.9000000E-02  0.9610000      0.9800000    
   8.182000    
  0.8140000      6.8000004E-02  7.1000002E-02  0.9750000      0.9910000    
   7.030000    
  0.7860000      5.9999999E-02  7.4000001E-02  0.9750000      0.9910000    
   6.797000    
  0.8370000      7.9000004E-02  0.1080000      0.9570000      0.9750000    
   7.999000    
  0.9140000      0.1110000      0.1460000      0.9290000      0.9500000    
   9.547000    
  0.9960000      7.4000001E-02  0.2640000      0.8930000      0.9150000    
   12.10800    
   1.057000      0.1320000      0.2670000      0.8350000      0.9000000    
   12.25500    
   1.138000      0.3610000      6.7000002E-02  0.8550000      0.9050000    
   13.97200    
   1.088000      0.4500000      2.5000000E-02  0.8670000      0.9000000    
   13.85300    
   1.066000      0.3060000      9.7999997E-02  0.8780000      0.9000000    
   13.41000    
  0.9870000      0.1740000      0.1580000      0.8880000      0.9290000    
   10.33500    
  0.9060000      0.1510000      0.1220000      0.9370000      0.9480000    
   9.526000    
  0.8290000      9.7000003E-02  8.6999997E-02  0.9590000      0.9760000    
   7.947000    
  0.8050000      5.0999999E-02  8.6999997E-02  0.9700000      0.9900000    
   7.056000    
  0.7980000      5.2999999E-02  8.9000002E-02  0.9720000      0.9900000    
   6.984000    
