           1   140.3000    
           2   171.6776    
           3   178.2916    
           4   165.3284    
           5   183.9083    
           6   186.0276    
           7   117.7550    
           8   126.7746    
           9   174.9913    
          10   117.3849    
          11   148.7200    
          12   154.7687    
          13   152.0125    
          14   157.6837    
          15   159.0119    
           1   140.3000    
           2   173.8756    
           3   182.2110    
           4   164.0240    
           5   190.6153    
           6   191.8774    
           7   179.2654    
           8   173.5970    
           9   195.9298    
          10   214.7575    
          11   215.9985    
          12   203.5551    
          13   205.9362    
          14   203.4977    
          15   210.4644    
