8
16
8
14
11
1
10
2
6
13
10
17
11
6
5
3
14
1
16
6
8
13
17
9
9
12
11
3
11
10
12
11
12
17
17
11
10
8
5
8
9
11
10
17
17
4
10
14
11
11
15
11
12
12
12
12
12
12
13
16
17
12
17
17
11
10
11
8
10
2
11
12
3
9
11
12
9
16
1
12
5
8
10
11
12
11
12
11
8
17
7
7
11
17
12
6
17
10
11
14
14
11
12
8
3
16
16
12
15
15
13
12
17
11
5
6
6
10
12
10
6
6
11
12
16
14
9
11
9
8
16
15
8
2
5
6
15
15
13
13
5
5
12
11
11
10
12
12
12
12
12
12
12
10
11
11
10
1
15
14
9
12
10
16
12
12
15
5
6
17
2
17
15
5
12
17
10
12
12
13
17
17
16
14
3
8
11
6
7
12
3
10
16
8
3
10
4
12
2
6
12
7
5
15
1
13
16
10
4
17
14
7
4
10
10
6
3
15
8
5
13
11
7
10
5
6
12
16
1
8
7
9
7
5
5
6
10
3
10
4
17
6
6
16
15
16
17
4
12
7
6
3
11
17
3
13
10
12
15
17
16
10
10
12
14
17
17
12
16
9
8
10
11
3
14
13
6
5
3
6
6
9
10
17
11
11
8
14
14
10
17
7
10
10
3
8
8
8
16
13
5
13
5
7
15
3
9
9
3
8
7
6
9
14
8
9
7
12
7
3
10
2
8
10
11
17
6
1
1
1
5
10
3
2
1
10
4
12
11
11
2
16
9
15
12
12
11
2
14
9
12
12
15
12
11
9
14
15
12
11
10