1000017
1000023
1000024
1000036
1000052
1000059
1000060
2181500
2469049
2469050
2587082
2587101
2587104
2587200
2588701
2589351
2590220
2903428
2909152
2910601
2919100
2969116
2969200
2998800
6139370
6139640
6140600
6142100
6142110
6142150
6142520
6142551
6142620
6142680
6144200
6158100
6172200
6213800
6229100
6232910
6233100
6233170
6233440
6233450
6233550
6233780
6279500
6335115
6336500
6337250
6337506
6337510
6340110
6340140
6340150
6340160
6340170
6340180
6342600
6373300
6421100
6421500
6444100
6444380
6457220
6457380
6457800
6457840
6457870
6458863
6458924
6502141
6502151
6503351
6503353
6503853
6545190
6545200
6547200
6604150
6605570
6606100
6606401
6606580
6606890
6607131
6607510
6607530
6642100
6730501
6731555
6731610
6744100
6744200
6854301
6854320
6854590
6854600
6854620
6854900
6934200
6934530
6934750
6970560
6971600
1134100
1159650
1160220
1160580
1428400
1591400
6196350
6594050
6594080
4101501
4103630
4103633
4113300
4113302
4113350
4113400
4113401
4113402
4113410
4113900
4115105
4115220
4115223
4115235
4115305
4115310
4115311
4115345
4115348
4115401
4115403
4116184
4116189
4116335
4116400
4116401
4116470
4119170
4119220
4119251
4119261
4119264
4119271
4119281
4119285
4119288
4119295
4119317
4119327
4119401
4119430
4119431
4119440
4119441
4119442
4119445
4119453
4119461
4120120
4120200
4121300
4121301
4122101
4122211
4122300
4122701
4122903
4123063
4123082
4123135
4123207
4123235
4123260
4123280
4123330
4123340
4123345
4123347
4123365
4123370
4125026
4125925
4125941
4125942
4126701
4132800
4133401
4133450
4133700
4133701
4134350
4136300
4146180
4146270
4147110
4147450
4147465
4147475
4147500
4147540
4147700
4147703
4147726
4148125
4148230
4149123
4149300
4149301
4149410
4149413
4149690
4149691
4149850
4149910
4151802
4151803
4152120
4152300
4152301
4152460
4152610
4152650
4152700
4152701
4203400
4203700
4203850
4203910
4203915
4204010
4204100
4207050
4207150
4207190
4207220
4207321
4207600
4208050
4208130
4208159
4208175
4208210
4208235
4208245
4208251
4208260
4208265
4208270
4208271
4208274
4208288
4208289
4208290
4208316
4208325
4208358
4208487
4208507
4208510
4208544
4208549
4208565
4208570
4208730
4208734
4208940
4208941
4208950
4208986
4208988
4209550
4209805
4213011
4213030
4213090
4213095
4213101
4213593
4213594
4213680
4213683
4213700
4213715
4213750
4213850
4213880
4213920
4213956
4214050
4214070
4214090
4214320
4214420
4214470
4214531
4214610
4214810
4215230
4215680
4215700
4215706
4231610
4231620
4234550
4234650
4235101
4235191
4236500
4243070
4243080
4243250
4243300
4243340
4244460
4244635
4244810
4244870
4244910
4244950
4361100
3308300
3309300
3514800
3618090
3618950
3621200
3649010
3649310
3649950
3650745
3651400
3652450
3652455
3660602
3664100
3664800
3669630
5101130
5101170
5101205
5101301
5101381
5202043
5202049
5202070
5202115
5202180
5202227
5204180
5204300
5204452
5304080
5606042
5606130
5803750
5865550