0.664978	0.5508057	0.6269189
0.5814391	0.5364706	0.5671084
0.6506409	0.6715473	0.65872
0.6279471	0.6396442	0.6323121
0.4911621	0.5541971	0.5172303
0.493335	0.4148655	0.4640559
0.6077554	0.5998897	0.6045908
0.6409391	0.6096273	0.6286691
0.6567844	0.6543015	0.6558984
0.6603513	0.6603246	0.6603433
0.665044	0.5820286	0.6388162
0.2350034	0.2578769	0.2440474
0.7104688	0.5946658	0.656036
0.6763678	0.5433535	0.6223978
0.4754425	0.5288708	0.5014499
0.6977432	0.6834824	0.6919925
0.4637171	0.571014	0.5123536
0.5501411	0.6442758	0.5901975
0.4059256	0.671354	0.5424714
0.4089542	0.621816	0.5107663
0.1976191	0.4906645	0.3347824
0.5280635	0.5080863	0.5185151
0.6978932	0.1995925	0.3695084
0.4651521	0.3209097	0.419648
0.439348	0.6144073	0.5431315
0.4403374	0.5445407	0.501694
0.5434433	0.6669315	0.5969717
0.5169895	0.6803764	0.5766135
0.2237142	0.4211619	0.336393
0.5132965	0.6932585	0.5705555
0.6083317	0.6745663	0.6318481
0.3145933	0.6614069	0.4353813
0.2682505	0.1367214	0.2226223
0.26492	0.2661486	0.2654255
0.2933593	0.2954597	0.2945316
0.1453778	0.0646924	0.1120338
0.2417381	0.1232892	0.1920069
0.1245783	-0.01989528	0.06919371
0.1935007	0.05182617	0.1320304
0.2818328	0.1150281	0.1820559
0.2127133	0.1163989	0.1625533
0.5548851	0.3936753	0.4694561
0.3775319	0.3843219	0.3805219
0.3276542	0.2803955	0.3082242
0.3647548	0.2889736	0.3255565
0.2288996	0.3160071	0.2749884
0.06718151	0.2323076	0.1911568
0.5624722	0.4229285	0.4797934
0.5357283	0.4757004	0.4982991
0.4406807	0.5941206	0.5442144
0.5734715	0.4266087	0.486787
0.6112827	0.4487003	0.5309809
0.5507144	0.4771592	0.5143422
0.4093375	0.3379077	0.3734298
0.6479178	0.4110514	0.5343543
0.6265513	0.4870755	0.5648572
0.050475	0.182808	0.1189278
0.1361883	0.05361675	0.09878025
0.2443988	0.1537505	0.2101745
-0.08333804	0.6708906	0.3989301
0.1290732	0.2752874	0.2214164
0.3044607	0.3611553	0.3304692
0.4766428	0.3212707	0.4109334
0.7512605	0.3417562	0.6789662
0.7077695	0.2996385	0.6296645
0.6194173	0.2671338	0.5359051
0.4427903	0.4369516	0.4409695
0.591683	0.516225	0.5750543
0.5655872	0.5767768	0.5700317
0.4644406	0.4853239	0.471789
0.5092691	0.3976708	0.4669625
0.5469807	0.4826067	0.5289558
0.5099346	0.6148187	0.5530979
0.4275835	0.5697966	0.4810302
0.2477846	0.4053711	0.2868769
0.4939438	0.4591264	0.4847243
0.5262428	0.4517652	0.501408
0.4381866	0.2903547	0.3993995
0.4637939	0.3426622	0.4273289
0.1864304	0.3263556	0.2226946
0.01085427	-0.01682884	0.00749409
0.5426957	0.3998581	0.5078224
0.5099078	0.256675	0.4578856
0.4884761	0.4336326	0.466988
0.545877	0.5244422	0.5379593
0.4661573	0.4907412	0.4778123
0.557457	0.3896094	0.5091335
0.5742313	0.4287535	0.5148021
0.5661358	0.4375631	0.5232175
0.3350138	0.1427093	0.2917004
-0.01793082	0.05248912	0.007768595
0.04908652	-0.03043365	0.03916624
0.1096726	0.2041179	0.1280257
0.05186816	-0.02183649	0.03272957
0.2454918	0.3422173	0.2843611
0.4524838	0.202244	0.3854531
0.3361713	0.4628333	0.3758511
0.162445	0.2650338	0.2212196
0.04645484	0.1161223	0.07510406
-0.03928081	0.2269091	0.1033907
0.132159	0.5808212	0.4090328
0.5657334	0.3935431	0.5245311
0.5592318	0.3994716	0.5232026
0.423112	0.4834772	0.4441764
0.4467665	0.5468584	0.4861897
0.4887896	0.6377299	0.5547548
0.3051455	0.442438	0.3845297
0.8290051	0.771767	0.8113174
0.7539352	0.6616048	0.7247456
0.6025334	0.4968212	0.5714928
0.7202361	0.7164462	0.719365
0.6871229	0.5846023	0.655183
0.5903391	0.5416885	0.5762187
0.5792675	0.5791594	0.5792277
0.7079613	0.6312883	0.687347
0.6077544	0.5904744	0.6006407
0.7081278	0.6675678	0.6922466
0.7998545	0.7964698	0.798463
0.7575584	0.7211435	0.7422884
0.6846748	0.6664202	0.6778573
0.7424518	0.688055	0.7244163
0.6974284	0.6082909	0.6593171
0.4693351	0.4574689	0.4629831
0.4404838	0.3421523	0.4104048
0.6577592	0.6981544	0.6744375
0.7321735	0.6776472	0.7080603
0.7810646	0.7678087	0.7754269
0.7187378	0.6671938	0.6957922
0.6993466	0.6610916	0.682151
0.7580703	0.7668369	0.761853
0.6739201	0.682003	0.6777273
0.666533	0.5740792	0.6245765
0.6518128	0.6911217	0.669179
0.7011156	0.7443954	0.7221789
0.6184257	0.6468864	0.6303267
0.6718874	0.6048273	0.6501297
0.5202251	0.4987857	0.51284
0.7107815	0.7227763	0.7159188
0.6883544	0.6549949	0.6770692
0.6147271	0.5580529	0.5965093
0.5958803	0.5315968	0.5759771
0.543079	0.5364249	0.5411564
0.5522421	0.49513	0.5341013
0.5799008	0.5479166	0.5693069
0.5797279	0.5725329	0.577307
0.6208373	0.6397559	0.628327
0.7638844	0.7747119	0.7681215
0.5691976	0.5381927	0.5557948
0.6424896	0.6409982	0.6418642
0.5832102	0.4970579	0.5564711
0.53066	0.4827397	0.5162122
0.5372443	0.490455	0.5227989
0.5449453	0.4975587	0.5305262
0.5199093	0.4899055	0.5104473
0.5747629	0.559588	0.5692751
0.7373712	0.7003332	0.7257468
0.6735866	0.627485	0.6605696
0.7592975	0.7136568	0.7426895
0.7366496	0.7250119	0.7325016
0.63003	0.5964595	0.6172987
0.7300941	0.5866225	0.6696577
0.6089054	0.5020357	0.5728719
0.6185408	0.5699916	0.604054
0.6512709	0.5775342	0.6287976
0.6712476	0.5198498	0.6072494
0.7052131	0.5852605	0.6616965
0.7264753	0.7229327	0.7251391
0.6414971	0.6441478	0.6425255
0.6006199	0.4663396	0.5290076
0.6419382	0.5211278	0.5986972
0.5470234	0.4970491	0.5286534
0.5712132	0.5326679	0.5561034
0.5672105	0.5446813	0.5579987
0.5493097	0.5050512	0.5377634
0.4178276	0.5524086	0.452407
0.3266056	0.3401104	0.3299198
0.2572087	0.2787865	0.2618768
0.01731196	0.3197836	0.0231412
0.566368	0.5036132	0.5378038
0.04844302	0.01432519	0.03619824
0.5319247	0.4631302	0.5060955
0.2779233	0.3144932	0.2873743
0.2884457	-0.01837115	0.2505403
0.6627012	0.5220433	0.6036919
0.5290345	0.4879533	0.5145013
0.5046605	0.4808722	0.4932724
0.5796209	0.5392893	0.5635032
0.2704058	0.2989689	0.2806849
0.01274032	0.01458117	0.01304462
0.1999289	0.1031598	0.1861129
0.07879093	0.06721351	0.07408967
0.02905806	-0.4100386	0.02535091
0.6026672	0.5216914	0.5787128
0.2022563	0.097213	0.16594
0.454532	0.306704	0.4130342
0.5302446	0.4864335	0.5128273
0.4219011	0.2645169	0.3924981
0.7421892	0.5926747	0.6788367
0.4974559	0.4694638	0.488278
0.5258456	0.5265559	0.5261005
0.6160752	0.4965608	0.5534694
0.6023507	0.4996948	0.5557441
0.6334195	0.5180229	0.5774302
0.5867001	0.4251965	0.4920456
0.5466423	0.3504622	0.4250568
0.5905376	0.5294727	0.565908
0.5452495	0.5107941	0.5272753
0.6179032	0.671853	0.6372474
0.7992207	0.6225741	0.7160716
0.7140176	0.6308134	0.6781287
0.5464826	0.5548156	0.5502727
0.506255	0.5371618	0.516636
0.5184267	0.4962612	0.5085677
0.6169011	0.6044141	0.6122489
0.6144056	0.4526132	0.5524294
0.5001759	0.4572282	0.4845362
0.3109056	0.2730247	0.2998967
0.1488405	-0.05412385	0.1195168
0.743155	0.5227712	0.6663665
0.7306833	0.6466641	0.6972737
0.4860561	0.4179867	0.4575129
0.5249467	0.5338764	0.5287619
0.4941367	0.3918374	0.4675891
0.5377081	0.587264	0.563334
0.2430706	0.1494163	0.2327782
0.731243	0.6200498	0.7039169
0.6847787	0.6346258	0.6657453
0.3598742	0.412134	0.3771959
0.5650912	0.5598053	0.562971
0.56272	0.5832692	0.5708123
0.5939458	0.6182125	0.603583
0.7273523	0.5289714	0.6702251
0.6492497	0.4585374	0.6030475
0.5058192	0.4377525	0.4798952
0.5663091	0.4415875	0.5447871
0.4674223	0.3453112	0.4267176
0.6554489	0.5668617	0.6269822
0.5547317	0.4120516	0.4924739
0.6412627	0.4369172	0.5739777
0.6230967	0.626086	0.6241364
0.7188364	0.6812121	0.7065702
0.7033206	0.55728	0.6560843
0.5174708	0.5000737	0.5117127
0.6781473	0.6167595	0.6540302
0.7413685	0.5933609	0.6903726
0.5869326	0.5910343	0.588796
0.5280812	0.553682	0.5358017
0.743298	0.5848191	0.6924934
0.7585708	0.6812694	0.7289799
0.7630453	0.7020833	0.7385403
0.7469418	0.6899787	0.7278074
0.6269724	0.5888332	0.6112004
0.5566092	0.5966565	0.5754644
0.6792197	0.6315334	0.6614075
0.4281049	0.4238173	0.4262453
0.6850611	0.607978	0.6538884
0.6447076	0.5835568	0.6220419
0.6683012	0.6477663	0.661498
0.4892693	0.5714237	0.513653
0.6869183	0.669002	0.6801071
0.6186082	0.6477745	0.6318781
0.5682058	0.6065914	0.5848268
0.6438823	0.5902766	0.6241947
0.7164079	0.6809205	0.7024364
0.6133168	0.609098	0.6119206
0.6494222	0.6603634	0.6533609
0.7278618	0.7121647	0.7231326
0.6961535	0.6571386	0.6852022
0.6039235	0.6076708	0.605106
0.6467222	0.6295105	0.6413565
0.6352684	0.5770251	0.6165247
0.5739962	0.4600608	0.5315532
0.6148883	0.5625921	0.5948262
0.7883188	0.7975775	0.7910645
0.3340745	0.09798489	0.2725959
0.4109959	0.2861753	0.3847215
0.1987802	0.3841449	0.2299119
0.6732442	0.6200662	0.6607063
0.8259483	0.7952528	0.8184628
0.7184699	0.7372064	0.7231034
0.873324	0.8568806	0.8694997
0.7995594	0.7945438	0.7982738
0.8029053	0.8175658	0.8066429
0.48369	0.3971302	0.4573216
0.1422054	0.07217354	0.1232682
0.4919588	0.2116162	0.4533318
0.7702208	0.6772565	0.7498991
0.5570958	0.5689162	0.5604111
0.7682019	0.3803285	0.7411243
0.5109714	0.05589319	0.4791464
0.6851481	0.5242724	0.6392243
0.5612207	0.5188816	0.5481289
0.6394293	0.5840293	0.619359
0.6124158	0.506738	0.5747363
0.3697639	0.3265619	0.352746
0.7307197	0.6018129	0.6768433
0.7791376	0.7045662	0.7520048
0.7480318	0.6952699	0.7289761
0.7463906	0.6880909	0.7264336
0.8436288	0.734206	0.8013488
0.7317844	0.7051641	0.7225048
0.7410046	0.6979198	0.727436
0.7085809	0.6641396	0.6941028
0.6247224	0.4815765	0.5768227
0.5614563	0.444007	0.5159889
0.5600748	0.428671	0.5159699
0.6150285	0.4970026	0.5674592
0.7191138	0.6886963	0.7071503
0.688213	0.6554851	0.676806
0.7442899	0.6335061	0.703632
0.6149944	0.6137696	0.6146058
0.6245234	0.549731	0.5970422
0.1613727	0.1777327	0.1674227
0.7283286	0.6331695	0.6890402
0.6404408	0.5318106	0.5974307
0.7360346	0.680133	0.7122529
0.7151894	0.6207439	0.6716491
0.5317648	0.4548182	0.493055
0.5094765	0.4124949	0.4686251
0.7329983	0.6075061	0.6910319
0.7256625	0.5995609	0.6777808
0.7677405	0.6498468	0.7309361
0.730058	0.634259	0.6960014
0.7518672	0.632487	0.7167216
0.7584898	0.6277754	0.7171046
0.7489336	0.657549	0.7172485
0.7414996	0.6093258	0.70424
0.6895954	0.5833859	0.6587984
0.695583	0.5654351	0.654345
0.7502798	0.6358337	0.7148667
0.7307001	0.6544152	0.7064085
0.6799834	0.4839088	0.5963057
0.7430908	0.5848444	0.7008337
0.6643713	0.5561364	0.6360606
0.6492152	0.5950919	0.6347751
0.7390935	0.6015235	0.7023535
0.6892678	0.53633	0.6487105
0.6718612	0.4439505	0.6279539
0.6832645	0.4914695	0.6281717
0.678215	0.5587374	0.6531038
0.5947236	0.6076503	0.5989768
0.5543753	0.5324579	0.5479111
0.5387641	0.5846006	0.5579253
0.6862216	0.5699355	0.6533889
0.5468974	0.4602854	0.5258231
0.5585406	0.5039418	0.5403638
0.6186955	0.5539899	0.5981487
0.6589004	0.5835567	0.6384652
0.7204514	0.5924079	0.6819374
0.7149828	0.6132793	0.6840086
0.7488873	0.6442864	0.7168394
0.7431097	0.5225091	0.6486456
0.6442078	0.6190936	0.6348914
0.62361	0.6292958	0.6251558
0.6887003	0.6306745	0.670612
0.6843277	0.4655817	0.6202717
0.3742074	0.444324	0.3973722
0.6632305	0.5834258	0.6373735
0.6669807	0.4889412	0.6215094
0.7808562	0.7156866	0.7650816
0.5980003	0.5170942	0.5724524
0.6936889	0.6466868	0.6809566
0.83156	0.7779373	0.8154363
0.757831	0.543826	0.6932721
0.4331311	0.1848148	0.3448003
0.6598402	0.4991003	0.6109658
0.7502248	0.6351752	0.7180335
0.72272	0.6040472	0.6856817
0.7116951	0.6019482	0.6841325
0.7381708	0.7150424	0.7312536
0.7394979	0.7312022	0.7368481
0.558145	0.5509024	0.5559977
0.7249426	0.6911943	0.7135545
0.6253782	0.6345756	0.6278347
0.6987361	0.6821519	0.6935229
0.7338753	0.6573656	0.7138958
0.5901046	0.5824869	0.5883865
0.7500954	0.7048732	0.7374537
0.7310791	0.7130019	0.7262241
0.6577019	0.6702361	0.6603895
0.6313017	0.6618917	0.6403977
0.4931646	0.4872284	0.4918277
0.7835143	0.7530267	0.7731249
0.7925106	0.7918287	0.7922681
0.7337177	0.778226	0.7490839
0.4601537	0.5206335	0.4806881
0.64266	0.6229368	0.6357792
0.6750178	0.7387992	0.6941314
0.6422587	0.7394736	0.6668214
0.703091	0.4856736	0.6300901
0.7385401	0.491057	0.6578481
0.837479	0.6175938	0.7749812
0.5118303	0.5508965	0.5256041
0.6774108	0.2687177	0.556682
0.5330445	0.5932405	0.5571332
0.6579076	0.5884135	0.6322409
0.09968866	0.2556676	0.123526
0.1638856	-0.02044906	0.128497
0.1365254	0.2034528	0.1549075
0.1481815	-0.5364456	0.1251207
0.4045335	0.2745614	0.3814661
0.1987695	0.1229354	0.1875437
0.4224411	0.2863901	0.383749
0.3195102	0.03426349	0.2715819
0.4784702	0.02642612	0.3816813
0.3103247	0.3545599	0.3254807
0.2446817	0.2375322	0.2425333
0.219789	0.05217464	0.1550721
0.269617	-0.02242502	0.1579116
0.2674849	-0.1250152	0.1957964
0.1760978	0.1479149	0.1703458
0.09208226	0.03816138	0.08908971
0.03286786	0.08385401	0.05102314
0.2156304	0.4586911	0.313678
0.1327853	0.2899696	0.1858857
0.08779249	0.09676	0.08949809
0.1311124	0.1804071	0.1425961
0.01536748	0.05124899	0.01856244
0.3050802	0.4441392	0.3433278
0.3505181	0.3840874	0.3636348
0.2504796	-0.2268051	0.1858015
0.5464293	0.5791022	0.5598554
0.4671627	0.3896877	0.4366116
0.5824448	0.5154846	0.5588274
0.6659029	0.3114663	0.5175338
0.5613824	0.391901	0.5162385
0.4113888	0.002565825	0.1289587
0.2868586	0.1175593	0.2579146
0.05681155	0.09786823	0.08002298
0.2037711	0.09321849	0.1696202
0.01491906	0.03089252	0.01986925
0.000386104	0.001782649	0.000840923
0.002709616	0.001846846	0.002445263
0.002577673	-0.00188163	0.000979695
0.1974776	0.003193704	0.1290467
0.06572193	-0.002907915	0.03169679
0.01681581	0.1877408	0.02529958
0.2093133	0.02841538	0.1819578
0.3237816	0.3098302	0.3204954
0.3803788	0.243897	0.3533736
0.1414822	0.1363727	0.1399961
0.5543824	0.4077283	0.5249294
0.5473139	0.2137485	0.4890127
0.6018867	0.5234945	0.5780067
0.2242871	0.2425577	0.2249582
0.02625907	0.1545338	0.09520126
0.3995682	0.5330931	0.4416249
0.2501242	0.2729649	0.2543457
0.1505414	0.182473	0.1605035
0.5862778	0.279858	0.5409366
0.4937066	0.3526513	0.4727634
0.615434	0.2847029	0.5338129
0.3093298	-0.03036733	0.2683986
0.5077131	0.5515405	0.5223601
0.5112453	0.6195818	0.5493241
0.3505496	0.4220238	0.3702095
0.4701611	0.5746729	0.5034571
0.1241691	0.2145929	0.1500219
0.4715227	0.4077087	0.450856
0.5923627	0.5091736	0.5646277
0.4036022	0.4050823	0.4040862
0.3788533	0.2302801	0.3459063
0.330645	0.196844	0.3007563
0.4192516	0.3272877	0.3961489
0.3715188	0.5583301	0.4281718
0.5027452	0.2499756	0.4384435
0.1176117	0.2312548	0.1532004
0.5770295	0.2195043	0.5399073
0.6265313	0.5296457	0.593955
0.6298553	0.5243199	0.5895774
0.2669615	0.1446945	0.2068269
0.4804737	0.6230524	0.5432308
0.6789438	0.6932325	0.6835563
0.6440522	0.6428753	0.6437071
0.6744433	0.6729903	0.6739719
0.6097758	0.5344241	0.5848629
0.6568829	0.5909211	0.638378
0.36967	0.3729362	0.3709762
0.7844795	0.7763	0.7818142
0.7427852	0.7107905	0.7320006
0.444029	0.4779186	0.4518057
0.4024858	0.3333624	0.3825202
0.6143216	0.6059362	0.6111646
0.6723647	0.7118004	0.6853152
0.6797977	0.7171633	0.6928014
0.6320174	0.6512716	0.6383763
0.6043536	0.6135957	0.6074029
0.7404034	0.7636832	0.7488227
0.7903626	0.8183613	0.8020204
0.7292222	0.7064337	0.7216319
0.2985363	0.3639534	0.3204719
0.7634888	0.6972074	0.741821
0.5559168	0.4634507	0.524232
0.7027297	0.629264	0.6772089
0.7137661	0.7074668	0.7115507
0.6877833	0.6738881	0.6830825
0.6186779	0.6108654	0.6160593
0.6901319	0.7104021	0.6986584
0.6303747	0.6253346	0.6287349
0.3871249	0.4133827	0.3979051
0.6712308	0.6563229	0.6660499
0.5428917	0.4876096	0.5206056
0.6744638	0.6046047	0.6540045
0.4990539	0.5501222	0.5175913
0.4284016	0.5096456	0.4557417
0.6085498	0.6151667	0.6108698
0.6735449	0.7313978	0.6918906
0.7228394	0.758597	0.7341721
0.5816172	0.602856	0.589155
0.640659	0.6652023	0.6484624
0.7162237	0.723988	0.7185829
0.6722774	0.7542786	0.7023132
0.625678	0.6365481	0.6293158
0.4019938	0.5090834	0.4369649
0.5801205	0.7122342	0.6221185
0.6989334	0.7493926	0.7157172
0.5860019	0.6911646	0.6215366
0.655692	0.68043	0.6637107
0.7143207	0.7194459	0.7160229
0.5779425	0.4518415	0.5155552
0.6578637	0.690676	0.6683186
0.6211986	0.5460128	0.5989332
0.5162888	0.5111953	0.5150922
0.6841714	0.6055007	0.6638799
0.7049342	0.7664516	0.7251875
0.644056	0.6527975	0.6472117
0.7154894	0.4805657	0.6268379
0.5315462	0.5804242	0.5502765
0.7502638	0.7348022	0.7446555
0.6569923	0.7695406	0.6964746
0.7243915	0.723269	0.7239997
0.7503074	0.7884451	0.7639371
0.5622083	0.3235033	0.4940232
0.6925443	0.5492825	0.645415
0.7507165	0.8007651	0.7688533
0.6864965	0.7929057	0.7262998
0.7149819	0.663643	0.6972451
0.3571463	0.2871277	0.3330643
0.1711251	0.281061	0.1955148
0.7787925	0.6955975	0.7535261
0.7419605	0.606976	0.6843608
0.4208224	0.2815157	0.3682203
0.6857439	0.5703845	0.6566794
0.5646729	0.476058	0.522009
0.4735316	0.3086049	0.3647635
0.6179064	0.4982355	0.5840435
0.7114088	0.4410571	0.6360023
0.3954757	0.4435258	0.4083115
0.5540424	0.3127224	0.4985203
0.6393308	0.5986223	0.626806
0.7152044	0.6802857	0.7038067
0.7121593	0.5603558	0.6648248
0.7653619	0.7051842	0.7455484
0.809455	0.7760826	0.7974461
0.7904369	0.7243959	0.7682111
0.7332625	0.7020561	0.7226672
0.7499771	0.7417426	0.7473537
0.7494079	0.7362828	0.7441181
0.6940858	0.7471513	0.7166821
0.655782	0.5994884	0.6337149
0.3557114	0.3055018	0.3407056
0.6262157	0.5672203	0.5993902
0.6986738	0.6226686	0.6703496
0.7170966	0.6846226	0.7051662
0.5217786	0.316898	0.4364333
0.6914523	0.7057342	0.696767
0.274076	0.2544527	0.2689754
0.4608878	0.4345106	0.4535928
0.5262373	0.3741928	0.490202
0.7228488	0.6823346	0.7080492
0.4854722	0.04757812	0.2148352
0.7149762	0.6991673	0.7095707
0.4928152	0.4854823	0.4901704
0.4637072	0.3991958	0.4456946
0.6334932	0.6454018	0.6373134
0.5064956	0.5625776	0.5262234
0.5431433	0.3937683	0.5051105
0.4235078	0.3722949	0.4001571
0.6208998	0.3865855	0.5785754
0.4487617	0.494533	0.4616063
0.5357049	0.5049086	0.5262348
0.5003457	0.3412431	0.4687825
0.5279245	0.3837711	0.4903478
0.4245901	0.473609	0.4391102
0.2432739	0.1846333	0.223928
0.4628684	0.1435542	0.3573266
0.213162	0.1749884	0.2026127
0.3663116	0.220333	0.3177627
0.5910865	0.4403273	0.5527811
0.5071603	0.3301584	0.4473852
0.6250647	0.7296928	0.6627275
0.4899421	0.5765607	0.5154817
0.4901166	0.5643672	0.5172264
0.6679307	0.6747098	0.6704611
0.7696853	0.7913486	0.776807
0.1816415	0.2463594	0.2021274
0.4373684	0.4247883	0.4320095
0.4394645	0.5404567	0.4713984
0.2428578	0.3513279	0.3032431
0.2686255	0.292376	0.2808349
0.3710171	0.5910655	0.5085218
0.5437028	0.3592784	0.4389407
0.6030666	0.7124831	0.6357552
0.6187136	0.4963995	0.5798478
0.5216556	0.5571371	0.5345633
0.4816745	0.6123411	0.5269917
0.6268196	0.6982652	0.6499668
0.4612372	0.4766797	0.4678004
0.4078547	0.4557943	0.4309277
0.5080901	0.5498256	0.5321202
0.3465764	0.3622391	0.3559433
0.374398	0.387888	0.3807751
0.5937693	0.560783	0.5796018
0.3325124	0.3769756	0.3541021
0.5263974	0.5143605	0.5204722
0.3574443	0.4350719	0.3862693
0.4898376	0.5490946	0.5169656
0.6204626	0.5187889	0.5781631
0.3177582	0.3963211	0.3514865
0.3745451	0.3962649	0.3837593
0.09781808	0.5396298	0.2870508
0.4460674	0.5146602	0.4848148
0.3409645	0.2820452	0.321241
-0.01586772	0.07778448	0.002359187
0.4423654	0.4552232	0.4479507
0.3597707	0.4581552	0.3944781
0.6330843	0.5941925	0.6164875
0.4537363	0.456279	0.4549133
0.5869299	0.559103	0.5732401
0.3236465	0.3324276	0.3278002
0.3255115	0.4435269	0.3925483
0.4906658	0.4943343	0.4932963
0.5296787	0.4217396	0.4643961
0.6131458	0.6073923	0.6095819
0.6288198	0.672038	0.654388
0.4464756	0.6110604	0.5486551
0.6622842	0.7220819	0.7019573
0.2757427	0.5080272	0.4152218
0.3336154	0.2484356	0.3058289
0.5939336	0.4972907	0.5408054
0.5914006	0.5973689	0.5940974
0.6331665	0.5175983	0.5689066
0.5953517	0.5685493	0.5832275
0.4100476	0.3944809	0.4035266
0.558087	0.1807732	0.4342558
0.4413442	0.3014564	0.3747509
0.4906282	0.4038329	0.4557855
0.5592867	0.6241297	0.5867166
0.1989857	0.3722602	0.2610485
0.5228561	0.3618692	0.464057
0.3366124	0.3019296	0.3201555
0.4763978	0.4472375	0.4675778
0.5911292	0.639629	0.6101828
0.555007	0.6689342	0.5946585
0.5432633	0.4676307	0.5173747
0.58242	0.6184829	0.5964608
0.5770985	0.5805449	0.578185
0.2054082	0.3059889	0.2562103
0.5467336	0.496947	0.5230303
0.6312434	0.6334584	0.6322568
0.6070536	0.4956762	0.5642897
0.7394624	0.6187743	0.6982792
0.4406853	0.366604	0.4243202
0.6318095	0.5731813	0.6068839
0.7246205	0.6965048	0.714631
0.5177321	0.4544726	0.4953392
0.6340487	0.3577219	0.5766491
-0.04745277	0.1769303	0.06377341
-0.007120106	0.1019142	0.04467894
0.003684002	0.01391821	0.008896397
0.04348991	0.2945732	0.142876
-0.1051844	0.2607714	0.07329494
0.4324298	0.2894746	0.3736052
0.4898823	0.3576478	0.4438205
0.3566698	0.3946498	0.3688842
0.5546013	0.6048891	0.5731995
0.583285	0.4294234	0.5141232
0.3764426	0.3242022	0.3536846
0.2570703	0.297792	0.2757362
0.3988573	0.1907419	0.3266765
0.5326745	0.4807574	0.5158024
0.4550302	0.3550719	0.4089217
0.6337491	0.6100192	0.6247071
0.620789	0.537557	0.5921488
0.4719344	0.3657014	0.4292871
0.7093778	0.5905481	0.6707878
0.6448631	0.5875983	0.6258722
0.4783523	0.4009958	0.4432206
0.7260095	0.6291695	0.6975627
0.7334429	0.5565098	0.6814786
0.6574041	0.5301234	0.6090993
0.5556766	0.4736398	0.5276522
0.6787194	0.640784	0.6662897
0.7316727	0.6177964	0.6938608
0.6787157	0.6004859	0.650805
0.7140099	0.6913332	0.7070683
0.661479	0.7185091	0.6784551
0.6797406	0.6006492	0.6567615
0.6587881	0.647909	0.6544275
0.7202756	0.7626204	0.7344579
0.3314939	0.2780161	0.3121052
0.3282495	0.3112968	0.3224123
0.2568978	0.2602913	0.2581464
0.192231	0.2047754	0.1965548
0.6305427	0.7073116	0.6560021
0.7522432	0.780498	0.7625227
0.6709508	0.7055674	0.6829487
0.7366475	0.7526971	0.7427647
0.1286093	0.1628363	0.1395817
0.279049	0.2626752	0.2731323
0.7381946	0.6950756	0.7236858
0.727141	0.7631226	0.7399709
0.7262139	0.7283598	0.7269483
0.7949606	0.7364854	0.7743697
0.6949342	0.5676999	0.6502419
0.07999464	0.01983148	0.06730226
0.7226939	0.6988322	0.7142976
0.7471252	0.7156593	0.7359291
0.7118176	0.6633479	0.6962811
0.5966412	0.5611092	0.5854636
0.7065688	0.673243	0.6955391
0.5394932	0.5330294	0.5375177
0.28533	0.3913397	0.3161522
0.8058289	0.8190164	0.8104964
0.7988248	0.8139242	0.8042655
0.7375127	0.6903633	0.7185554
0.787093	0.8109892	0.7962627
0.6201042	0.5974055	0.6119537
0.7269186	0.6470661	0.6898457
0.6196258	0.567754	0.5974881
0.4536185	0.3736589	0.4246981
0.6305474	0.5858498	0.6148655
0.6559016	0.5563145	0.6267668
0.7147644	0.5866528	0.6758685
0.0815138	0.1921104	0.139304
0.7608389	0.6965761	0.7389355
0.7365292	0.6038412	0.6914205
0.4041805	0.3647256	0.3894001
0.3871302	0.3189147	0.3588769
0.6533368	0.6286706	0.6455382
0.7561249	0.6988713	0.7344183
0.7033184	0.5806424	0.656751
0.5975952	0.5946816	0.5966095
0.6305434	0.6692088	0.6452902
0.6350521	0.612661	0.6265424
0.7040868	0.6302361	0.6768633
0.5393056	0.5418495	0.5403209
0.5920947	0.6323138	0.607023
0.601985	0.5535958	0.584018
0.6861951	0.6142228	0.6588533
0.6996075	0.6639592	0.6855071
0.6931866	0.6049504	0.6622686
0.6028343	0.5385049	0.5834993
0.5697665	0.5569117	0.5653205
0.4332713	0.5053122	0.4509274
0.5587707	0.4971613	0.5393169
0.4695459	0.3840889	0.4447272
0.4209748	0.3517416	0.4004401
0.7225826	0.6583491	0.7028316
0.6677055	0.5668258	0.6285743
0.7621639	0.7149751	0.7452813
0.7680564	0.5525508	0.706205
0.02731718	0.19043	0.08255619
0.693158	0.5989096	0.6635986
0.6467728	0.4554657	0.5813435
0.6944701	0.6443279	0.6782641
0.6890879	0.564495	0.6514771
0.5888951	0.4933092	0.56358
0.5829933	0.4916764	0.5533405
0.5781616	0.5974397	0.584744
0.5700172	0.5052361	0.5488441
0.6112503	0.5382937	0.583939
0.6521646	0.629352	0.645854
0.6450173	0.5015337	0.6050977
0.6844349	0.6417632	0.6714668
0.658065	0.7658247	0.6942617
0.2796886	0.2836188	0.2806354
0.6057122	0.6258231	0.6121418
0.6932611	0.7305318	0.7050862
0.5738255	0.6253605	0.5941391
0.6018077	0.4588797	0.5626921
0.6795296	0.6100683	0.6587466
0.06784986	0.04924381	0.06109039
0.6546494	0.4998165	0.6022795
0.3926794	0.213898	0.3425454
0.4479073	0.3243275	0.4025516
0.5537565	0.4654716	0.5253308
0.4965605	0.4364502	0.4758938
0.6276768	0.7092092	0.654171
0.7760905	0.7452341	0.7645113
0.7335626	0.6633627	0.7052739
0.4231093	0.4776717	0.4407103
0.6200454	0.5747052	0.6069416
0.5123496	0.5119123	0.5122178
0.6098488	0.5743015	0.597709
0.6266496	0.6076107	0.6187275
0.626594	0.6241624	0.6256263
0.6841348	0.6939539	0.6880208
0.3444495	0.1285025	0.2816326
0.3053631	0.1091719	0.2352979
0.2238485	0.1767703	0.2046351
0.08293509	0.03939675	0.06393591
0.3823138	0.4423798	0.4017338
0.4013565	0.4529551	0.4196866
0.4061888	0.342655	0.3925875
0.1634846	0.2902035	0.2185584
0.2524142	0.3613873	0.309499
0.2672545	0.3739403	0.3023109
0.3591251	0.4036428	0.3770422
0.4264463	0.4672352	0.4402273
0.4563931	0.5047124	0.4761001
0.4243963	0.4388961	0.4295481
0.4972454	0.6275394	0.5411134
0.4679565	0.532469	0.4980877
0.4499237	0.4458184	0.4485709
0.6652302	0.6502001	0.6603609
0.4519836	0.4984728	0.4586387
0.4190423	0.1314874	0.4006626
0.4716362	0.5618937	0.5066843
0.5084373	0.2313713	0.5008175
0.405029	0.2212093	0.3913176
0.3352647	0.2342532	0.293496
0.5331583	0.1385648	0.4336105
0.4144331	0.08270491	0.3195934
0.579556	0.4231602	0.545362
0.4075301	0.3528991	0.394117
0.4367344	0.3650506	0.4109342
0.4568434	0.5863007	0.4751711
0.427182	0.5206564	0.4438847
0.2374688	0.3132113	0.2769857
0.1672098	0.2205148	0.1781787
0.07812063	0.1218014	0.1072313
0.5176365	0.1720389	0.459718
0.1808935	0.1185186	0.148638
0.3821981	0.1396516	0.2625049
0.4636056	0.3871824	0.4432796
0.1869587	0.4262963	0.2777253
0.2133891	0.08213432	0.1849421
0.6140661	0.5875469	0.6070029
0.5410366	0.4848587	0.5116837
0.566309	0.5977267	0.5769358
0.5534964	0.5115801	0.535759
0.3550924	0.5839411	0.4664092
0.4644568	0.3534901	0.4240652
0.5920287	0.5868415	0.5905188
0.5242573	0.2676522	0.4536776
0.428691	0.3911076	0.4132741
0.5033099	0.3784399	0.4410934
0.673746	0.5377267	0.6453819
0.5805191	0.5791537	0.5801799
0.4879209	0.4449915	0.4759269
0.6032093	0.5109274	0.5714524
0.3502814	0.4365635	0.3740596
0.349855	0.5088821	0.4371913
0.3341013	0.1246718	0.2333419
0.5314808	0.5432845	0.5329991
0.5611644	0.4347776	0.5395442
0.5659446	0.06325172	0.5250086
0.6519944	-0.2004353	0.6285749
0.5510395	0.3924289	0.528796
0.4454451	0.21168	0.4283513
0.5206157	-0.9549169	0.4787269
0.6076217	-0.6333947	0.5641597
0.7091526	0.4749196	0.695371
0.4653892	0.426534	0.459795
0.6703683	0.529874	0.6487528
0.618219	0.5927711	0.6115551
0.5318911	0.3582425	0.5174038
0.4531497	0.2383295	0.4295823
0.5473461	-0.3268298	0.4909791
0.4914233	0.1893376	0.4639652
0.625611	-0.9580101	0.5192676
0.367966	-0.4152606	0.339702
0.5050568	0.4650074	0.4993739
0.4484059	0.4162771	0.4336758
0.3471406	0.1237975	0.2396219
0.3341468	0.2844979	0.3164423
0.4398383	0.5167973	0.4530223
0.387742	0.4761876	0.4019868
0.3279902	0.6054979	0.3619847
0.06503386	0.07547834	0.06570789
0.5589012	0.5104444	0.5514053
0.5281102	0.4224175	0.5159231
0.3682595	-0.2042785	0.2978112
0.4557085	0.5856411	0.472354
0.1105979	0.1531422	0.1214625
0.4175172	-0.08453022	0.3377659
0.6459282	0.703052	0.6572855
0.6045074	0.5619515	0.5917838
0.3946326	0.4119283	0.401772
0.2825353	0.1102924	0.2648635
0.1244027	0.04229144	0.09620286
0.5680996	0.1203829	0.5212848
0.5181117	0.244667	0.4321905
0.8069219	0.3199183	0.7701801
0.514987	0.4577425	0.4980431
0.7275556	0.7581021	0.7357212
0.7906087	0.456086	0.7483375
0.7044925	0.07276663	0.634313
0.1854528	-0.9202419	0.1730547
0.3542337	0.3724005	0.3575554
0.4401421	0.5995359	0.4796475
0.2603995	0.1902875	0.2410103
0.3777192	0.2869774	0.3561136
0.471867	0.459481	0.4675031
0.2994151	0.4049327	0.3363795
0.3271721	0.4037212	0.3362959
0.225567	0.2743358	0.2374837
0.2938218	0.2074348	0.2855939
0.4660979	0.4970522	0.4735751
0.3699372	0.1501464	0.3587887
0.4159843	-0.3579914	0.3195055
0.1866707	0.7222038	0.4501529
0.7062366	0.7238395	0.7102224
0.5298573	0.7115723	0.5789429
0.7703944	0.6984386	0.7519574
0.7339973	0.8251184	0.7615585
0.717241	0.8034905	0.7436771
0.5906142	0.5950338	0.5915303
0.3382493	0.5731992	0.3805559
0.6830582	0.8074549	0.7126913
0.5754238	0.7513813	0.6210106
0.598974	0.5479531	0.5905286
0.06556303	0.06744657	0.06563551
0.2983046	0.07184339	0.1217889
0.5601345	0.01354389	0.2074744
0.2656594	0.5078823	0.3631947
0.1373654	0.2501089	0.1582922
0.1451582	0.5030298	0.3905449
0.4786935	0.3630711	0.4280774
0.6081363	0.2664887	0.523882
0.3463043	0.3896579	0.3658234
0.4540731	0.5426947	0.4949096
0.420098	0.4463567	0.4332813
0.3781662	0.5177412	0.4395285
0.13921	0.3258636	0.2332961
0.5735604	0.4349684	0.5032528
0.3073552	0.4794842	0.3605614
0.4140369	0.1867553	0.3075726
0.3619952	0.2288161	0.3422987
0.08109015	0.1155966	0.09673561
0.1687335	0.1928046	0.1822836
0.1944882	0.01279473	0.1295239
0.5266951	0.536066	0.5297836
0.5232854	0.5632771	0.5373676
0.4178168	0.3924849	0.4090134
0.375244	0.4051218	0.3855282
0.530929	0.4445861	0.497819
0.4383939	0.5496427	0.4750433
0.5630389	0.6183179	0.5807504
0.6265388	0.6796494	0.6440557
0.6517759	0.6321622	0.6460457
0.276691	0.306942	0.2844213
0.4112418	0.4170456	0.4125455
0.1238066	0.4501497	0.1594366
0.5465858	0.5510601	0.5483557
0.5937632	0.5632706	0.5840191
0.5789588	0.5209702	0.5580411
0.596342	0.616677	0.6024612
0.6251043	0.5826907	0.6117844
0.4463643	0.5736121	0.4892506
0.7303551	0.7435468	0.7345473
0.6984181	0.741865	0.7120055
0.5440158	0.6391663	0.5825196
0.5292582	0.5033224	0.5211439
0.5087382	0.4929226	0.5042625
0.4470739	0.6500441	0.535491
0.427426	0.3944377	0.4194379
0.3993971	0.5480324	0.4388744
0.6560381	0.6462846	0.6529475
0.6002079	0.6720468	0.6241578
0.6516594	0.7331654	0.6803525
0.5099364	0.5654971	0.5302391
0.5029747	0.5265143	0.5107868
0.5684143	0.6757735	0.6006561
0.5149096	0.4995168	0.5107622
0.5998046	0.5633699	0.585357
0.4345611	0.4968251	0.4555344
0.5062762	0.5220057	0.5113832
0.5880829	0.4564062	0.5536407
0.6002226	0.5501517	0.5842765
0.5877991	0.379153	0.5247211
0.5840069	0.5735724	0.5805471
0.6618195	0.6388711	0.6548119
0.6373285	0.6526772	0.6441393
0.5996339	0.5165481	0.5606013
0.5395029	0.4904196	0.5228864
0.5439022	0.5558805	0.5473478
0.500215	0.5178436	0.5064611
0.6078143	0.7213412	0.6448994
0.6957568	0.7625684	0.7185268
0.6124768	0.6168122	0.6141078
0.6170374	0.3035256	0.5546384
0.4161794	0.4506922	0.4297027
0.3246922	0.2115301	0.2939996
0.6124813	0.4641446	0.5911866
0.5247074	0.3247555	0.4844975
0.3213602	0.2581611	0.3086074
0.8369909	0.777288	0.8150732
0.7084987	0.7432539	0.7206059
0.8365952	0.7400093	0.8021078
0.8089858	0.7118053	0.776819
0.7211382	0.6856275	0.7070042
0.7691214	0.7437405	0.7614879
0.3755371	0.1849775	0.3367426
0.8718327	0.7442764	0.841832
0.8269964	0.6187426	0.7588074
0.7430901	0.6200249	0.7074763
0.6584035	0.6698415	0.6618819
0.7507251	0.6808214	0.7304255
0.7988336	0.7321276	0.778204
0.3757878	0.2667391	0.3477889
0.7602627	0.5487429	0.7283515
0.4295094	0.1635574	0.368543
0.6630229	0.7062273	0.6754425
0.2228532	0.04616465	0.1736407
0.7341925	0.634549	0.7032831
0.7820535	0.5942116	0.7319445
0.5695046	0.5881457	0.574603
0.8220361	0.7807893	0.8082994
0.1082985	0.01649617	0.07359785
0.8214596	0.8084283	0.8161329
0.8439764	0.8490438	0.8456938
0.7736219	0.7627997	0.7699656
0.5704638	0.5430354	0.562074
0.367719	0.2278698	0.3350585
0.4885487	0.4283389	0.4669245
0.542984	0.5423211	0.5427578
0.3784442	0.3733368	0.3751039
0.5502451	0.5275559	0.5436525
0.6692866	0.5669277	0.6311133
0.5292191	0.4380802	0.4942396
0.3121473	0.2983131	0.307507
0.3474055	0.2319422	0.3085632
0.3829338	0.2380865	0.3429112
0.4419352	0.2877297	0.3934289
0.6720943	0.6057782	0.6524693
0.7109323	0.6759779	0.7020419
0.7531586	0.7351807	0.7486629
0.8050327	0.7842577	0.7997279
0.7734888	0.7539919	0.7681804
0.7357671	0.7180561	0.7309942
0.8003625	0.6958519	0.7619974
0.6468638	0.6543066	0.6486372
0.7526228	0.7370505	0.748269
0.5997523	0.6237394	0.6068223
0.7058909	0.7002572	0.7043296
0.5826502	0.5931955	0.585761
0.8033949	0.7692003	0.7941488
0.7503543	0.7014991	0.7380052
0.6615057	0.5236405	0.6312444
0.7908861	0.7238488	0.7713078
0.8049365	0.7206596	0.7821596
0.7913329	0.7292966	0.7765918
0.7965838	0.7415196	0.7818625
0.7969172	0.7533555	0.7854664
0.2661784	0.3691255	0.2979105
0.8035237	0.7179726	0.7730025
0.7789373	0.7401958	0.7691098
0.7760676	0.7299834	0.7650042
0.7785618	0.7194713	0.7611005
0.7762204	0.7312479	0.7643631
0.8873753	0.8794526	0.8854717
0.8811982	0.8845789	0.8820075
0.8490839	0.8542666	0.8502918
0.814085	0.8035587	0.8114471
0.8482853	0.8151612	0.8397969
0.8693797	0.8790327	0.8716375
0.8280436	0.8266787	0.8276505
0.822174	0.7859689	0.8127651
0.7630322	0.7424155	0.7573646
0.7990495	0.7135751	0.7710119
0.8116845	0.7674335	0.7978447
0.764231	0.7417348	0.7581394
0.4647401	0.2471567	0.4091291
0.7595982	0.7729733	0.7631335
0.7485996	0.7120231	0.7398184
0.7516922	0.7540267	0.7522985
0.8208767	0.7901691	0.8118861
0.8213705	0.8187904	0.8206482
0.8199945	0.7870663	0.809861
0.7942035	0.7891422	0.7925581
0.8192251	0.7930058	0.8114084
0.8402623	0.8257377	0.836426
0.8304519	0.7906097	0.8199903
0.8440675	0.834566	0.8417056
0.8326351	0.7975876	0.8231512
0.8634187	0.8586578	0.8622002
0.8556828	0.8546268	0.855424
0.8033396	0.8045191	0.803651
0.8438674	0.8401459	0.8429832
0.7742382	0.7411086	0.7638237
0.7166483	0.7104366	0.714735
0.7762748	0.7454287	0.7666886
0.811184	0.7436096	0.7904755
0.8300919	0.7529588	0.806593
0.7813899	0.7287976	0.7653994
0.7756765	0.7514986	0.7678617
0.7766935	0.7157312	0.7576424
0.7503523	0.726169	0.7431892
0.7883849	0.7562186	0.7778447
0.788112	0.7378322	0.771982
0.7757375	0.7280656	0.7608617
0.6374356	0.6413841	0.6387727
0.6012615	0.5962658	0.5995075
0.6051989	0.6033299	0.6045664
0.5450817	0.5963825	0.5627718
0.6265275	0.566666	0.6077128
0.7290778	0.6619659	0.7027352
0.5504604	0.4092545	0.5051745
0.5817109	0.4672031	0.5537521
0.6434721	0.6636497	0.6495155
0.543763	0.5316929	0.5402256
0.7187531	0.6924683	0.7112075
0.5426813	0.4164695	0.5051702
0.8057287	0.7396308	0.7911673
0.7594236	0.7454468	0.7546497
0.7740599	0.7298593	0.7603973
0.5297628	0.5081594	0.5231327
0.7392869	0.7010712	0.7276086
0.7881537	0.756215	0.7785437
0.6386983	0.5822241	0.6196085
0.3404036	0.3850568	0.3575541
0.1586352	0.243378	0.1851245
0.3603661	0.4461808	0.3897423
0.2631461	0.3698065	0.2965455
0.6294965	0.6917311	0.6499452
0.7023315	0.7101807	0.7046463
0.72544	0.5962331	0.6873962
0.7112536	0.5097785	0.6227115
0.7289151	0.6934054	0.7161889
0.3857835	0.4265797	0.3995584
0.06391562	0.1448269	0.0883658
0.5832774	0.6023934	0.5909779
0.3630137	0.3313923	0.3557816
0.8943948	0.9013995	0.8962454
0.8662553	0.9012715	0.876729
0.8878699	0.8898302	0.8884297
0.7157498	0.7191101	0.7167383
0.4840024	0.5220691	0.4950838
0.6771341	0.7461995	0.6910547
0.6374976	0.6582555	0.6419378
0.6114402	0.6864632	0.6311849
0.6167796	0.6202509	0.6175236
0.5275357	0.5701816	0.5389819
0.6033319	0.5799427	0.595048
0.6234489	0.6831757	0.6376973
0.6542358	0.7140895	0.6701331
0.6579256	0.7185271	0.6763995
0.6578332	0.6853375	0.66587
0.5828854	0.6445448	0.5941488
0.5923642	0.6266261	0.6008414
0.7295224	0.7454507	0.733838
0.7503546	0.7528069	0.751017
0.7071875	0.7146268	0.7092152
0.7123013	0.6483495	0.6953608
0.6268272	0.6317854	0.6282264
0.3808279	0.5132165	0.4215786
0.6606424	0.6640401	0.6615951
0.6147613	0.5573344	0.5937656
0.6504373	0.6741986	0.6563049
0.7121149	0.7092426	0.7113607
0.6687754	0.6437342	0.6616935
0.5631705	0.5795127	0.5689285
0.650018	0.6770364	0.6581889
0.703326	0.6794788	0.6949499
0.5285948	0.5839569	0.5475476
0.5052684	0.5402765	0.5179149
0.6558891	0.6941683	0.671476
0.4496636	0.3404208	0.4150859
0.5854942	0.6741689	0.6118444
0.6316779	0.6032368	0.6265585
0.4597945	0.4312452	0.4504305
0.607865	0.6322525	0.6144923
0.8435973	0.8507113	0.8468065
0.8508842	0.770658	0.8215592
0.8463397	0.8659976	0.8554
0.8965611	0.8354416	0.875612
0.6705586	0.6177818	0.6520686
0.8675996	0.8021281	0.8395583
0.8947276	0.8646989	0.8820326
0.6459074	0.6892182	0.6611168
0.8093666	0.7612554	0.7925638
0.856238	0.7826863	0.8342459
0.8491148	0.8381606	0.8450339
0.8645674	0.8313152	0.8526008
0.7263366	0.3721222	0.4716211
0.6655679	0.7744454	0.6945147
0.8592686	0.8192383	0.8447989
0.8497689	0.829986	0.8420763
0.8003665	0.8286052	0.8107853
0.7771369	0.6949466	0.7499011
0.7301676	0.6884144	0.7163454
0.8347894	0.7769215	0.8165266
0.8031033	0.767162	0.791496
0.7738609	0.7640247	0.7698343
0.8435741	0.8879707	0.8620035
0.8632244	0.8561871	0.86048
0.7956984	0.7797489	0.7906648
0.5167646	0.5554987	0.5309676
0.600263	0.6089598	0.6039365
0.7487601	0.704024	0.7320714
0.7185246	0.6359391	0.6857995
0.5698882	0.5232722	0.5517699
0.6514171	0.6591382	0.6542738
0.5795052	0.5818581	0.5802818
0.5731977	0.5558639	0.5678108
0.5618005	0.5345625	0.5512508
0.7444416	0.7689841	0.7549789
-0.1066231	0.2553572	0.01810799
0.635934	0.7893313	0.7191302
0.4872474	0.4293835	0.4751307
0.7348632	0.6226651	0.711892
0.6797137	0.7049834	0.6878913
0.7157101	0.6608646	0.7033342
0.7635918	0.7822385	0.7687769
0.5198233	0.3174557	0.4586052
0.588167	0.6230936	0.6007943
0.6184013	0.6060661	0.6143856
0.7229131	0.6965489	0.7126188
0.6342821	0.5545419	0.6082693
0.764969	0.7711999	0.7673054
0.79286	0.764782	0.783022
0.7396679	0.6626013	0.7116824
0.7194872	0.7076943	0.7153529
0.7743876	0.7695612	0.7723257
0.6756644	0.6830124	0.6779351
0.7220715	0.6772187	0.7074625
0.7367242	0.6899297	0.7211596
0.5867113	0.608157	0.597057
0.7089887	0.5859369	0.6708009
0.5938626	0.5224366	0.5729671
0.5784658	0.609563	0.5891439
0.6167952	0.5504674	0.5972494
0.5861164	0.5995857	0.5906876
0.552807	0.5425175	0.5495671
0.781861	0.70781	0.7531341
0.62018	0.6482778	0.6310341
0.6220392	0.5620211	0.5983779
0.6122712	0.5188926	0.5809538
0.6143139	0.5107984	0.5737785
0.7079627	0.6501468	0.6855728
0.6470895	0.6171029	0.6365719
0.6851213	0.6448521	0.6720233
0.7477663	0.6990362	0.7297143
0.7476295	0.7065015	0.7333037
0.7518756	0.7157948	0.7372392
0.6763852	0.6555172	0.6676323
0.5861301	0.5813242	0.5850098
0.5337325	0.5002635	0.5236182
0.5896973	0.5131001	0.5662244
0.6967004	0.6479823	0.6785666
0.6262796	0.6135435	0.6213304
0.6256949	0.5130317	0.5829234
0.6828484	0.5689829	0.6365083
0.7901836	0.4551077	0.6792264
0.7010744	0.2751267	0.4959629
0.7891207	0.7377551	0.7713197
0.6728512	0.6513525	0.6652046
0.7383139	0.6894408	0.7191477
0.5566143	0.5287624	0.5451322
0.6281721	0.6197816	0.6252364
0.5454316	0.5188628	0.5354993
0.6902287	0.6582809	0.6776009
0.6858351	0.6563599	0.6736344
0.7416626	0.7275311	0.7365012
0.7692265	0.7698606	0.7694511
0.7359012	0.6308518	0.688784
0.6033632	0.5818613	0.5967164
0.6763867	0.6637859	0.6717469
0.6040708	0.5480659	0.583605
0.6140676	0.5785891	0.6003576
0.6806697	0.6358203	0.6638545
0.8034686	0.4924109	0.707254
0.7319365	0.6448643	0.7054561
0.7910332	0.7515414	0.7815633
0.7074215	0.6645182	0.6888692
0.8049083	0.7983263	0.8025132
0.8120333	0.7724555	0.800907
0.5599557	0.6267616	0.5785342
0.6993037	0.6575104	0.6876311
0.7171445	0.6652822	0.7037087
0.6677355	0.5436297	0.6257203
0.758595	0.3776146	0.6271133
0.7485612	0.5987073	0.704745
0.6567868	0.6247478	0.6491127
0.630001	0.5988068	0.62091
0.7500045	0.6854945	0.7308909
0.7045591	0.6721577	0.6959552
0.7060117	0.6848389	0.7012293
0.6615124	0.6193216	0.6509808
0.5316611	0.339512	0.4718156
0.5767217	0.536264	0.5658269
0.6853905	0.6761142	0.6830244
0.7027098	0.6679344	0.6930942
0.6239978	0.6467239	0.6330169
0.7781062	0.7520862	0.7694982
0.6676414	0.6589052	0.6646755
0.8052181	0.7922979	0.8014101
0.8083241	0.8143179	0.8101747
0.7319098	0.7300417	0.731432
0.75834	0.7452213	0.7542664
0.7879839	0.7483067	0.776057
0.8014583	0.7497761	0.7836573
0.7434006	0.7013017	0.7283372
0.7268156	0.6839658	0.7112475
0.6695161	0.6639026	0.6675538
0.7946635	0.7467135	0.7789162
0.6726368	0.6986105	0.6814507
0.5737785	0.5351213	0.5593699
0.7641357	0.7961368	0.7774122
0.8495489	0.8341351	0.8443443
0.5735469	0.578459	0.5755349
0.3840977	0.6942332	0.4942418
0.7264121	0.6823228	0.7122255
0.8597007	0.817291	0.846379
0.5839517	0.7577779	0.6474563
0.6762516	0.6391853	0.6651993
0.8363221	0.8243839	0.8328262
0.8476151	0.8556809	0.850212
0.4010119	0.5751876	0.4592847
0.6897535	0.69778	0.6924744
0.7312997	0.7240034	0.7287205
0.7081749	0.6387262	0.6863773
0.6854086	0.6424559	0.6706578
0.7167864	0.6595329	0.7000037
0.7781344	0.7398558	0.7663418
0.8009348	0.7374454	0.7783621
0.5691465	0.5151669	0.5484291
0.6842413	0.5718274	0.6470899
0.5184398	0.470337	0.5010157
0.656282	0.5566349	0.6228989
0.634811	0.5656424	0.6085358
0.8313066	0.7701683	0.8087148
0.8019756	0.7370378	0.7787485
0.7816231	0.6765243	0.7424692
0.6165069	0.597904	0.6109855
0.7815027	0.7587354	0.7741678
0.8189238	0.7641476	0.8004202
0.777494	0.7370949	0.7649872
0.6812913	0.6007827	0.6552649
0.8596413	0.8363125	0.8523934
0.4774462	0.4525066	0.4690386
0.6730437	0.598421	0.6474646
0.8170325	0.7474204	0.7949868
0.7132657	0.6727079	0.6967239
0.7580684	0.69174	0.7350425
0.827066	0.7378024	0.7951537
0.6047688	0.4966581	0.5440574
0.7518181	0.7097998	0.736279
0.8411214	0.805507	0.8288371
0.6678857	0.4619809	0.5836655
0.7306387	0.6163039	0.6895175
0.803055	0.7490824	0.7849729
0.7913428	0.7434372	0.7744811
0.7309258	0.716185	0.7262133
0.7348269	0.613125	0.6911752
0.2729521	0.412171	0.3134144
0.729631	0.777584	0.7430295
0.7354993	0.8003474	0.7538466
0.6120221	0.5055125	0.5807026
0.4806437	0.4461665	0.4678931
0.6403137	0.6161615	0.6315982
0.4031169	0.3991149	0.401759
0.513473	0.434931	0.4900701
0.7054466	0.5212621	0.6623246
0.520328	0.4832393	0.5075846
0.539226	0.4445345	0.507295
0.6586508	0.5084378	0.6104663
0.5265112	0.4385972	0.4991937
0.6860716	0.6277474	0.6674664
0.6124994	0.5995867	0.608329
0.4949451	0.4717839	0.4882474
0.7078925	0.7188324	0.7111152
0.6967931	0.7756229	0.7197604
0.6154664	0.5192564	0.5915015
0.4802379	0.4363578	0.4659101
0.5366603	0.4539698	0.5075075
0.6354951	0.4914732	0.5822215
0.3240895	0.09796955	0.2304789
0.5935936	0.3208484	0.4941166
0.5039389	0.5160434	0.5087465
0.5959647	0.5792777	0.5900586
0.5604253	0.5920714	0.5731349
0.3778508	0.4393436	0.4056611
0.3046939	0.166157	0.2840448
0.4840814	0.5110649	0.4914375
0.7759409	0.7941817	0.7812161
0.6398067	0.6617828	0.6466067
0.6987633	0.6907207	0.6962346
0.2537866	0.3145605	0.2764264
0.7001635	0.6134678	0.6756606
0.7391354	0.6426984	0.706832
0.8115714	0.7111977	0.7809686
0.8090985	0.7510741	0.7932516
0.7454285	0.6925645	0.7328498
0.743856	0.6751006	0.7271114
0.7994499	0.8122352	0.8034082
0.6587776	0.6075951	0.6413628
0.6792935	0.7022614	0.6859151
0.5574708	0.6702598	0.5977056
0.7378069	0.7307911	0.735253
0.6450544	0.5239083	0.6081677
0.8188837	0.7399641	0.7963686
0.729774	0.4851772	0.6638834
0.6756174	0.7034731	0.6841521
0.7705436	0.7610579	0.7672485
0.8417397	0.7725186	0.8234565
0.8156399	0.6356494	0.7672728
0.7627203	0.6944808	0.7423304
0.8438512	0.7875378	0.8282215
0.8482287	0.8214668	0.8404409
0.8577914	0.7449435	0.8246091
0.8710149	0.7557584	0.8389721
0.8336269	0.7210548	0.7979877
0.4134359	0.4721028	0.4328692
0.3898983	0.4483519	0.4074335
0.3718861	0.408368	0.3828411
0.2117924	0.1386792	0.1923436
0.4314437	0.5111679	0.4575457
0.46176	0.5554634	0.4930939
0.4295101	0.5049021	0.4541846
0.3700659	0.4140865	0.3840981
0.4566924	0.4314176	0.4470628
0.6278129	0.6219712	0.626062
0.5637234	0.5853054	0.5703457
0.5372717	0.5494912	0.5409035
0.5141078	0.4967181	0.5083461
0.2167313	0.1028587	0.187747
0.3810536	0.1769155	0.3337635
0.806083	0.8071423	0.8064597
0.7097031	0.7523414	0.7249996
0.2500082	0.07843905	0.2097941
0.7962557	0.7599759	0.7857256
0.4659662	0.704723	0.5513032
0.4324501	-0.05177402	0.3701979