499.9969482	1.7621536	58.9406319	4.6755829	0.2960575	1.3186241	49.5313911
205.0830231	1.7270623	113.1781006	3.601193	0.2659864	1.1140702	60.3780403
485.7391968	4.7449918	63.7536926	3.2697082	0.4978587	6.8435845	13.1785736
475.2355957	-2.5730073	103.5653839	5.6430759	0.1025045	0.2103103	1.1166573
499.9996948	-5.8148203	97.6192017	6.6952744	0.1643584	5.2016859	70.1168518
174.9568939	-2.4942136	54.4920082	4.7149034	0.1094172	3.4489465	22.1358833
259.1196899	-1.1582934	66.0080566	7.3306198	0.1531275	3.5236502	10.4195299
165.7036743	-1.7247592	57.4029312	4.7173896	0.1052588	3.6227605	7.9567728
499.0809326	-8.6949368	171.7279205	1.344306	0.2800559	1.0752809	8.0952663
499.0187378	-4.7695293	164.9368744	6.3979888	0.178564	4.4397511	2.5910079
348.682373	3.817595	32.6573486	2.7785354	0.387536	2.9842594	5.2726936
489.2219238	2.3233771	19.0478477	3.3250971	0.4104857	2.9770308	6.4401135
488.9425354	2.8770957	19.4664593	2.6266322	0.4709046	2.2287903	1.0168841
499.9877014	4.7245607	39.2324066	2.7110775	0.6298876	3.3734016	5.8646598
277.3149109	2.6338813	22.4667168	3.6492059	0.4283739	0.661599	14.6331205
152.2548065	-9.9595242	105.2727966	2.665144	0.2070898	0.8416461	94.6881943
202.1268768	2.160413	17.762352	2.9790342	0.543174	6.8450727	157.8355255
66.9818039	3.1976471	151.8522644	5.5342145	0.1705366	1.061085	48.1477394
166.8829956	5.7452674	117.4428101	9.9680529	0.3271059	1.9955753	67.4469299
234.4987183	1.914131	156.2351227	1.1732099	0.1771416	1.3876013	43.7648735
186.4547424	-3.3177423	80.0711288	4.4865322	0.228215	2.28671	77.4757767
274.6863403	3.8945408	138.2527466	8.0565987	0.5785773	4.3400807	61.7472458
497.8528442	-9.9950638	100	1.0346379	0.1767454	4.436799	99.9991455
204.8331757	0.6818361	112.1787872	2.2503505	0.1007048	8.9911366	87.8211823
499.9653625	-0.1295877	88.0041046	2.1532195	0.3802133	2.2087359	40.6076965
341.2962341	-0.5317112	13.7212238	3.1329651	0.3450605	6.6821022	0.0003462
499.8842773	0.3606732	68.0057068	3.4686401	0.3541619	4.3358541	12.5906658
408.2380981	1.7196627	29.5907211	2.7434182	0.4302525	2.0441022	7.2872353
236.6968384	-1.2714341	61.168396	3.9305005	0.3180621	1.3452103	18.6158314
296.6672974	0.2822271	48.3923607	4.2633014	0.3535932	1.7072759	18.1313477
386.8828735	0.7352371	34.9079018	2.6550589	0.4122462	3.0820653	56.34478
262.2361145	0.7519248	13.9627571	2.5998704	0.4056997	2.8549819	24.0008698
494.9992676	2.1109977	92.1421204	3.7714183	0.3965442	7.8946214	99.7756653
493.3422241	2.9420478	66.4314423	2.3070445	0.4171241	0.8083431	22.409771
329.4237976	1.1272911	48.8935814	5.3433633	0.3670488	1.551511	28.9035912
499.6892395	-3.5877893	69.1650085	2.7366054	0.1711088	5.4336677	61.6402931
498.9474487	5.0098715	181.2549438	1.3115897	0.4720302	2.0867	18.2823658
303.3040771	1.7526978	22.3903885	2.6666472	0.4800696	7.3056865	14.8054066
218.2867126	2.1143985	198.0826569	5.5833721	0.3460528	2.398711	1.9173398
455.151001	-0.2698924	173.8857727	7.3580046	0.1987924	3.6467059	26.1142254
205.6107178	2.7353137	91.721405	3.4637508	0.3234392	1.0902314	15.1251278
463.194397	0.3989802	199.6603699	7.1113358	0.2847015	1.6235971	0.2969196
317.4170837	2.3776245	193.2409973	0.7737252	0.3898982	1.8638711	0.5708561
1.0002322	8.1957674	156.0802307	4.219614	0.1000471	1.530365	43.9192581
216.3500824	1.0160763	68.4994202	4.2164307	0.2961779	2.0542297	47.7727661
153.0141296	-0.1608883	163.9212646	6.5726767	0.2042034	2.8689001	36.078743
368.1817627	2.236824	96.7920914	9.9664049	0.3871832	1.5183437	103.2079086
197.2663269	-0.0691557	26.0797539	3.0412393	0.3305845	0.795357	0.0013773
255.6480713	0.3912266	34.4098701	3.593379	0.3308851	3.190784	10.6164122
370.624939	-0.3963011	90.5394363	5.759974	0.2990232	2.2815695	22.1133881
247.5357513	-0.2808055	40.6270065	3.8238168	0.2960025	2.0390139	0.8754852
333.6354675	0.9063292	71.8080368	5.1752496	0.3188927	2.7517347	18.8879738
322.6086731	-1.882926	122.8275681	9.97332	0.2523487	1.2069554	77.1724319
276.8411865	-0.9047815	83.982933	7.891397	0.2550169	1.0220929	2.8920238
303.4427185	-1.7027385	99.9991455	9.9993458	0.2422805	1.1010556	15.5883741
308.0494995	-0.8884507	97.9547424	9.3610029	0.2565362	1.335289	1.3850684
242.5049133	-0.9850802	99.3634338	7.4682803	0.2561247	1.2529607	0.1987498
267.9405212	-0.726203	83.4374084	8.2840767	0.2611417	1.0190135	7.0775704
499.9960327	0.2465641	90.1759033	3.6452458	0.2667527	2.0980685	8.5476923
321.1923218	0.6970733	71.9861679	8.6699657	0.3702652	2.3337014	96.774826
313.3895264	-2.102304	93.7830353	5.4875274	0.2858332	1.2130179	41.3760452
318.9524841	-0.5070692	72.8502274	3.717576	0.3666145	3.461365	11.5549173
308.8994141	0.2939833	113.1813202	8.1719456	0.2697259	1.2086017	7.172781
287.6547852	0.2963126	38.2654877	4.3560424	0.3814604	1.4782462	46.2784119
267.1430359	0.5398934	97.3062897	5.7585115	0.3951079	1.5290573	11.1479092
224.6118774	1.4589443	39.1211853	5.2710834	0.4162607	1.6368574	28.6267929
333.611084	3.4833674	59.0818939	8.4117718	0.41293	1.7384633	12.9494934
459.8551941	1.3843532	17.9644814	5.7223454	0.4481851	1.6920066	5.5208626
497.5789795	1.7460363	30.0201645	7.4339924	0.4091775	1.9027464	19.3083305
499.8570251	3.6043718	46.4513855	1.0218582	0.748911	7.6010809	16.4928341
263.5600281	0.7170373	21.5983868	6.5621357	0.3626412	1.9439625	0.4642589
227.694397	0.4687	77.1700439	3.1332629	0.3241509	3.2311745	4.79387
184.5628052	-0.4801106	66.0551682	5.3665633	0.2538358	3.9369092	27.3432693
334.4664307	-0.7082901	78.5975571	3.5404491	0.2557	1.9113657	0.2284262
202.684845	-0.3259932	49.2164307	3.1776953	0.2168664	6.2137966	18.0143833
150.0273285	-6.4811444	99.3927231	3.1404331	0.2142435	8.1993561	0.0032881
497.7379761	2.7262969	65.245079	2.4936545	0.3603795	1.2499951	23.0447941
116.4323959	5.7272215	55.5873184	3.538753	0.3708052	1.802173	17.0053825
499.4588318	-3.3891947	93.1766815	3.188056	0.3062494	7.5919266	36.4028702
215.7009735	0.5881677	13.9945068	2.0534806	0.3087252	0.6980953	0.8090087
368.5305176	-0.6154552	32.8336678	3.1934781	0.306785	1.6741109	7.0361676
499.9889526	3.9486697	141.8525085	1.4867718	0.3601374	6.5742359	45.6598129
257.8232422	-0.3780318	35.5254478	3.6381814	0.2909715	3.6018486	6.3917332
499.9939575	-1.8838947	48.3351822	1.9466444	0.2941255	2.2650373	14.8977032
496.5110168	3.5361691	110.7849045	1	0.3376257	0.2625048	89.2098999
366.3522949	-2.1816909	47.2249451	1.9999428	0.2991233	0.2136517	0.0180075
158.987793	0.4192361	2.7600181	1.9999952	0.319651	2.3545475	28.5589085
499.8835449	-3.5715599	17.9845352	2.0858879	0.292397	0.7163193	1.6795669
446.461853	-0.9530382	27.075264	3.668576	0.1839003	0.7059059	0.7402825
499.0289307	1.0374813	78.006813	4.7477036	0.2820985	3.7198269	46.1053772
499.7038574	1.397042	6.171803	3.2324533	0.49804	2.6810124	0.0318593
1.0001296	1.2668222	125.4286652	3.6001441	0.1481826	1.8787533	49.2757988
199.0247498	0.7406485	11.7726564	4.3921652	0.3432768	1.6147485	4.0121698
383.8899536	1.7503284	50.8339119	5.0714941	0.3539757	1.6684158	40.2008629
126.5982361	1.5763693	52.7105827	3.5504179	0.2351446	1.8290265	19.2698288
167.3762512	0.4448488	38.9949532	4.1032486	0.270595	1.5391736	1.4524021
154.3040466	6.4391041	168.2306824	1.2344615	0.3308925	1.1419935	1.6432405
189.8695984	2.4873796	92.9510727	1.2226738	0.2959123	2.9208107	29.1693363
55.7387657	4.7508574	67.5886536	4.0977178	0.2311237	1.7117548	53.4487
127.1096802	0.8829511	45.1383514	4.5091066	0.2671165	1.8547055	8.6298351
335.3286743	1.2777849	64.6948853	3.6429849	0.3135056	3.6485298	6.2656555
229.0014648	-0.2475638	57.8935852	4.54073	0.4071639	2.4445744	49.3313255
226.2731323	1.0061316	39.5383987	3.476752	0.3731022	2.0220575	10.1040688
153.5515442	-0.679424	114.2180481	6.3067198	0.2071951	2.4440105	81.7829895
121.7220001	-1.5145283	154.7520294	4.353857	0.1962433	2.6440902	43.8925133
389.1566772	-1.684613	99.8241882	1.0000331	0.2681615	4.4392142	99.8712311
20.2993507	-8.1928349	102.5501709	4.609457	0.2116095	0.7582328	97.3171082
294.7099915	-2.0370893	29.8324127	3.2132552	0.1136037	4.0219173	10.7588205
240.5418091	-8.5834503	17.8598156	4.3773723	0.1689456	4.0312572	15.0462646
247.2377319	-5.441669	82.9062195	1.1344275	0.3997787	6.8603535	76.3882065
499.9992676	-9.9997177	17.6669445	3.4721813	0.3295354	6.2904539	104.2385712
31.7912521	-0.4850044	25.8435402	2.2849894	1.1677399	4.2452908	174.1563721
499.8713989	3.237977	33.9153519	1.3760355	0.7954326	1.1442945	4.0866508
394.7934875	-0.6857067	23.6170292	2.7387648	0.7448596	0.6992117	0.8512373
1.058553	2.8623562	12.6872778	3.2495785	0.120413	2.496201	99.5851135
2.5157466	4.2609153	115.6000519	4.3923254	0.3274398	1.3549271	46.7658577
1.0109421	3.860672	134.3739929	2.5565071	0.2436692	1.9178948	65.5463791
228.129425	0.3996556	38.0966187	5.7827101	0.3549421	2.9554377	37.2790604
181.7101288	1.3737664	49.4502411	7.6240344	0.435945	3.673034	21.0004902
128.8050079	1.3190747	81.9786453	2.3776319	0.5381819	4.9998918	20.7400036
189.3294067	-6.2024536	108.0409775	9.9999609	0.3839688	6.7486324	91.9055328
164.1077881	-5.7477736	99.1971741	7.5234785	0.4064122	8.2316198	63.5396004
316.7612305	-3.3965719	0.8539796	9.1048746	0.3756367	6.5147038	196.724823
112.2567215	-1.5028104	30.3904457	3.4099302	0.3873065	5.9454556	31.3546333
157.3856506	9.9999771	144.8940735	7.3838019	0.2849852	1.4091597	37.9199905
499.4934998	1.403873	122.0203018	2.2321677	0.100286	7.3274164	51.0163841
226.1620789	-0.5737323	71.0173874	2.4795623	0.125892	0.4662409	0.2735389
150.8013	0.6195318	37.818428	2.2260852	0.1527286	0.3727077	34.9421539
491.8429565	-1.078993	163.2212524	1.3685068	0.1731232	1.3208401	35.0941467
499.9981079	-5.9312429	151.9097748	1.3317091	0.1513828	1.5864378	34.912674
317.5985107	-5.5695052	99.8891678	1.2942933	0.1031243	1.3733771	5.0716901
423.2941284	-5.6148148	152.7552338	1.4623554	0.14941	1.2562811	47.2447662
97.1808777	2.1091499	76.7867661	1.3145952	0.1138922	0.302004	16.6588287
85.6079407	2.1915402	45.4308434	1.1475799	0.1367343	0.288892	30.3048515
471.2384033	2.6483076	185.952301	6.687541	0.2202844	0.5263671	9.4348087
460.8691711	2.8982668	193.4323578	5.8149242	0.2104127	0.6144518	6.3871622
457.4264832	3.5186031	108.7718124	1.5606564	0.2607819	1.7876281	4.1693001
281.8987427	5.6758823	158.8217468	0.9372407	0.2310789	1.454494	41.1782455
220.363739	2.6592419	123.4351654	2.2361076	0.1035419	0.6492743	44.9650879
499.5470581	3.6729991	111.1211319	2.2591014	0.2157151	0.3503044	54.9744072
471.9205627	5.5283985	164.3387604	1.4800622	0.2222363	0.5618701	23.4798126
499.2648315	4.8313293	75.1571198	3.4783201	0.3601621	0.8837184	11.8963032
229.9231567	1.5893236	88.3720474	7.711875	0.3492667	3.5095286	9.7139988
393.4717407	0.6804386	24.147171	3.3096433	0.3583726	6.8444738	42.310379
284.6593933	3.5370908	125.1805038	9.1522665	0.384964	7.6123395	50.3199806
299.7006226	1.6812985	53.6397705	4.6654606	0.383848	4.8160849	0.8208754
344.1306152	2.3153939	63.4680939	8.4704838	0.4004205	3.4330344	1.7142124
280.1812134	1.2468158	94.7336731	3.4686856	0.314889	5.8830633	87.8551636
253.2668457	1.6882595	83.6921997	3.6657848	0.3442953	4.2063332	47.0259476
299.1152344	0.7695829	66.0914383	3.4377675	0.325178	5.1102657	68.5975189
196.6092377	0.9011817	50.2369614	3.3793964	0.3182958	4.2576637	13.5479717
196.6092377	0.9011817	50.2369614	3.3793964	0.3182958	4.2576637	13.5479717
367.2295837	0.7880031	57.0805435	2.5680592	0.3283627	3.9961963	41.8306732
277.2995911	0.093991	34.030098	4.4059048	0.3177821	3.3822637	36.3739433
392.9670105	1.3982422	79.9681549	4.2103238	0.3124552	3.2599523	19.9254322
199.5916748	0.9524959	16.1784821	5.3950267	0.383844	2.9334393	9.3536682
133.0983276	1.112443	21.5710411	2.4946604	0.3729324	4.1024184	23.3695698
420.6444092	1.9604287	21.8926582	4.4688215	0.4924575	2.5315998	0.6375327
356.0801392	1.8231711	31.0348434	3.5868726	0.3936355	2.9031606	5.4501534
395.203064	1.9899099	45.4494438	3.1739991	0.3817962	3.3361228	0.2678767
474.3383179	1.3368845	9.4385567	3.6029406	0.6025808	2.0591204	0.665005
493.3499146	1.5618722	18.2407265	3.3245134	0.4437582	4.963038	23.2839127
221.5822906	1.9334352	37.407383	7.4385405	0.4902021	4.4761758	47.0280533
258.167572	3.2848554	87.5795212	4.9389429	0.2100314	7.6923609	93.4013901
82.6033859	-3.5153749	31.1903496	5.6239595	0.3111708	2.9752812	53.5757713
148.4389038	0.6710675	88.8829269	8.1782532	0.4651306	5.5107508	99.1793365
192.3599548	0.6673186	57.7099152	5.9020634	0.4778353	5.967454	83.6282654
314.7233887	0.7496245	12.6338396	3.6514404	0.5559578	6.1572876	3.9249401
394.1478577	-4.2606139	22.6688843	3.5319149	0.2564653	4.9952478	30.0229759
460.9356995	2.2444692	76.3563538	6.3037739	0.3951253	3.8021779	123.6436157
284.4010315	-3.9392133	128.1193695	6.5371552	0.264966	4.4663081	0.6177902
327.6202698	2.9395616	112.7287598	3.6976216	0.2657871	4.1593909	87.2710037
499.9997864	-5.9118075	198.408783	3.4202518	0.1819248	1.9724014	1.5912231
220.1412354	1.0763421	28.6949329	3.5815253	0.3239382	3.3960776	9.0281811
269.2097778	0.45182	22.5227852	3.2961509	0.3304976	2.3797233	23.2174721
330.6019287	0.998356	46.3206558	7.4712439	0.3635511	3.7879634	10.4173403
154.3689423	0.4633321	25.3313751	3.451299	0.2930175	4.6279783	17.800272
254.7298889	0.4100122	42.2432823	3.5665522	0.3064755	4.3484735	32.52742
273.7260742	0.6158671	13.7773495	3.3074567	0.3576609	4.1503115	16.6123734
182.7622681	0.9236517	19.2023754	3.2114081	0.3255491	2.8046274	2.6158841
121.9118347	1.810285	23.1199474	2.5713856	0.3249145	2.5322909	3.297658
145.4466858	2.030201	22.0844879	2.3605692	0.3636543	2.1603873	4.0835843
175.3022003	1.1023983	22.0115738	2.3057883	0.3480986	1.9798076	5.4339561
490.6132812	2.0731254	70.1034851	1.9747982	0.2663696	1.2704788	5.8152499
211.5366974	0.8285909	14.9548664	3.4286895	0.338715	1.126977	16.1767483
390.1433411	0.6698146	51.7053261	3.3971717	0.3412034	1.9580479	14.3761129
232.0285797	-0.086074	41.7629318	3.0607257	0.2906393	0.2532071	3.1652989
497.8024292	0.4059875	153.7278137	3.927402	0.2972713	3.0906882	46.1089249
493.5886536	-1.71922	118.2371216	4.8446198	0.2634949	3.8563128	30.7653732
412.6514893	0.4071256	81.2094727	6.3749261	0.3414582	5.9864473	99.1486435
324.7498779	1.3258779	11.0474014	2.5853539	0.5052285	3.3042974	1.3403788
484.3156433	4.5168309	53.6051636	3.4782481	0.7402584	3.9556379	10.3225689
431.5968628	2.6271524	126.516983	5.624712	0.3230548	3.9186602	68.2791901
499.6853027	3.9151239	50.8040199	2.6436434	0.7294619	3.4276195	2.7521577
499.2283936	2.9697843	40.133461	3.3673403	0.6148285	3.3668804	6.6409082
499.8155518	0.4071526	92.7927475	3.1098802	0.3180098	3.7064421	17.5615273
298.8204956	2.6510482	82.146019	3.2123408	0.3768358	3.5599513	3.8326039
433.493988	-0.4357065	82.5612259	2.6117668	0.1858036	2.6622539	0.0030185
499.5625305	9.3805914	98.7241516	2.3066361	1.4978492	1.317529	95.0940399
499.391571	-6.0415711	164.4139404	3.1559904	0.222709	5.3677101	35.5860634
409.9407959	1.6929674	62.2967453	2.6019263	0.3847551	2.0261607	53.3773003
499.9998779	-0.6447692	57.2148132	2.1552405	0.3134977	5.9068403	142.7851868
499.9989319	-2.2945457	141.8983154	2.5320883	0.3117309	2.1133142	57.1176529
419.5756226	1.4987804	155.8801422	2.7044427	0.2844597	6.5959606	15.8868208
499.7657471	-1.2465688	34.9663162	2.0882897	0.2002424	3.7442331	7.4584684
222.2530975	0.8211856	67.1627197	4.1271334	0.2945392	2.4492948	18.4916096
186.7123108	1.0495819	73.9917984	4.199522	0.2843522	2.6732929	22.1070957
212.6914673	1.6318998	37.4072189	3.1324267	0.349991	2.7310255	30.8266182
229.6579895	-0.5984942	91.1447983	6.3966064	0.3086698	6.796484	0.0041438
393.0043945	0.0875624	27.0448151	3.2965553	0.3239819	6.4399362	53.1920509
349.1367798	0.7571102	67.8348618	5.3926678	0.4123654	4.7340803	1.4865036
423.5796509	-0.0711635	100.3020935	6.5389881	0.3226194	0.7257156	9.116806
467.2928772	-0.1281046	99.6775208	7.6572204	0.3315286	0.8442037	4.0341907
360.617157	0.3837749	99.5499725	4.4967089	0.3136901	6.702414	0.1416773
420.0947571	-0.4209152	99.9989777	5.5933022	0.298851	8.9446554	36.5869293
491.7476196	-0.5011794	110.188858	8.4772949	0.2960837	0.2219077	6.1532803
461.309082	-0.5361693	98.7720261	5.6257477	0.2885669	6.9559007	12.4273443
497.4556274	4.4874787	192.9959869	9.2418823	0.5771393	2.9385009	0.2723864
499.8544922	1.3187847	21.0278587	3.4181356	0.4008726	0.2002488	43.2987213
270.8642273	1.9709028	82.6537094	7.1247191	0.2729239	1.7496637	34.0194969
222.9750366	1.027634	86.2411575	9.7551985	0.2547771	2.1216624	7.3875637
145.3985596	-3.7463961	141.8626709	9.9778576	0.356202	6.6038523	0.0545475
136.4494476	-0.6233658	10.7402716	2.3423815	0.2139912	0.5997283	42.9869385
215.5725708	0.6698872	10.0140324	1.9984889	0.2587958	0.292621	12.1179638
253.9060974	3.2285867	93.0271301	1.0986644	0.2579117	1.515739	78.5021973
325.5922852	0.8076366	88.9806366	1.1046102	0.2806226	0.7938346	75.2685852
329.9313049	4.2056313	80.2089539	1.2151899	0.3547556	3.3328171	66.4301758
213.7375336	1.2375958	152.8936768	1.1474966	0.1425497	1.4445046	47.1063271
273.2198486	-0.0731111	82.4181519	1.122781	0.1308258	0.8459314	34.0822945
330.2416077	2.4179463	121.4048386	1.4903742	0.1001392	0.5706062	1.7793874
67.820282	2.3899279	38.8778534	1.3096384	0.1762993	0.8199439	3.2365329
112.0188522	6.2065034	157.4526672	1.1749718	0.1	0.2094528	26.6233349
423.0448608	1.0400659	66.5710297	1.2456791	0.1	0.4686878	22.6970234
192.9787598	0.6515844	113.0772247	2.0429819	0.1000067	0.8489922	59.3680992
1.0000025	7.3515134	112.1296082	2.1078541	0.1000001	0.4658864	41.3975105
326.5520935	1.232275	63.1181717	2.6049237	0.1002302	0.9370863	0.6619601
301.0777588	3.6233678	46.803772	1.8703605	0.1000005	1.9700737	16.9451199
303.991272	3.727108	192.687561	0.9360375	0.1456761	0.5640987	0.5775318
499.9842224	0.9754611	99.9991684	3.5822506	0.1000266	0.7645265	0.0759954
95.9493561	-3.0205758	133.605484	1.4952923	0.2015382	1.6486331	66.3626862
407.5082397	3.9159727	165.9823608	1.1709027	0.1055346	0.5631942	1.0734599
214.0275269	6.6480827	163.2079468	3.1493454	0.1000659	0.7929085	34.9204865
1.0391934	5.7273965	138.1589813	1.8045	0.1005569	2.2916651	61.8410149
181.9889526	0.1618946	45.6823959	4.3141088	0.2687603	1.6883961	35.173687
11.4058628	1.8043189	109.660202	4.2562399	0.1419691	1.7502859	37.9829178
77.9030762	1.6682523	118.497406	9.8395462	0.222497	2.7523761	37.326828
101.5235748	3.0937493	109.2467499	9.829154	0.2237668	1.9761537	90.7532501
1.0001038	1.1520686	49.5201759	1.3941646	0.1082507	1.0919588	1.0678993
387.3232727	3.7822025	50.1356125	3.0863073	0.5380177	1.4151595	6.0648036
75.310318	4.5243349	179.6503601	1.3503058	0.1000183	1.3501928	20.3495674
206.2234192	1.4233017	87.9347305	2.3805051	0.1723765	1.6667892	111.9188309
404.2380981	0.8096241	38.855545	1.2674308	0.1010174	0.8633599	17.3465385
314.0520935	0.977172	164.9368744	4.3455262	0.136012	1.0097678	5.5677414
311.3227539	-0.4107723	99.7853699	6.4373627	0.1416964	0.8257529	99.8712311
347.1902161	0.942139	150.8604736	4.2715731	0.1003839	1.0781484	49.1395302
411.9944763	3.3705943	47.7783203	1.3951828	0.5070173	1.5903946	23.356678
136.9018555	4.772656	139.8750305	1.2137566	0.1833603	0.9342773	53.8652687
250.0615387	3.3252339	138.9141541	1.4151489	0.1010762	1.1072204	0.034243
1.6605408	4.3438954	52.353157	2.1320591	0.1014855	0.676622	19.2754536
206.8328857	3.6709034	122.973938	1.5381042	0.1002789	0.9252262	56.0362625
155.1741943	3.2547708	99.0901489	0.760085	0.3858037	3.366981	78.4927826
81.8229828	3.6454871	136.4376831	1.5128523	0.1003472	0.9730296	53.4470673
8.7261019	4.1947503	157.2789917	3.0345776	0.1011424	0.7421149	42.7210007
2.7583566	2.9516988	157.8032532	1.5382199	0.103326	0.9557481	42.196373
420.2528687	-3.4619617	50.9947929	1.8201158	0.1361587	1.6889395	1.4542798
20.8841019	1.5948977	145.8329163	2.2093756	0.1292459	1.1246468	0.8274781
168.8310852	-0.7068511	53.4737396	3.8830729	0.2656373	1.4846876	35.0160599
14.5640526	-2.4753408	160.8128357	2.3579776	0.1138138	0.8908856	39.1871719
499.9867249	-6.5229254	168.0437927	5.3279409	0.1815692	1.1636693	0.6863654
496.8359375	0.6761405	94.6888885	1.1755369	0.1001674	1.0522603	51.493782
451.4848633	-2.3730946	55.0394478	3.3208566	0.1951863	0.9606346	41.1877174
216.7058716	-5.8733726	82.5798492	3.4687667	0.1733591	1.0153875	6.9185772
74.1287231	-9.9848423	87.5335464	3.3164988	0.1664398	0.8015281	20.1819
494.2876587	3.0937519	45.6481247	6.6784725	0.4591259	2.2075953	6.1954379
494.7880249	3.6881046	50.0770454	5.2605801	0.5218158	2.1437993	0.6862446
6.3744774	-0.1818633	141.5749207	1.7908851	0.120946	2.4547272	41.6511078
69.0501556	1.4247236	85.1786575	1.410964	0.1045951	1.1491797	36.5122681
275.1062012	5.7273932	105.1620941	2.1812623	0.1318232	1.3290349	49.5255623
1.0000019	-1.6591908	98.8327026	2.2256992	0.100003	0.856568	101.1672974
409.6032715	-0.2158903	81.8395691	2.1939664	0.3207347	1.2022859	7.306725
247.8393402	1.4682666	116.6345596	1.7113571	0.1363165	1.3023845	2.2029824
498.8310547	3.698396	92.5779114	1.9578698	0.4028628	1.5079148	38.2404709
195.1438751	-1.3407536	100.1491394	8.4380283	0.4374688	0.2761788	56.5890923
268.7546997	-2.3976419	77.3324203	9.0547457	0.4274681	6.8394446	65.3414383
92.2618179	0.648963	120.6194611	9.1091871	0.4054752	2.3710961	79.3805237
204.1158142	0.5656721	70.4713211	8.5315094	0.3528419	2.6968927	68.9656219
126.2807693	1.1274483	81.7581863	3.4089341	0.263776	1.467054	117.3271027
67.8234253	4.3521814	92.3733826	1.216537	0.1988792	2.7260149	81.4352264
308.1577148	0.5051686	34.7674713	4.2238493	0.3446624	1.5000918	33.4016647
499.8799438	5.1262274	160.9994507	1.1744254	0.3873879	0.6841447	23.8974056
431.7874756	3.1702101	174.8758545	6.2638512	0.3576168	2.1186795	25.1241531
1.0079591	-9.7021008	83.4151917	1.5252807	0.1000001	1.5186243	78.3319702
357.2192383	3.1817169	191.2640839	5.2808943	0.4105122	1.876876	6.2294078
68.4454727	1.0582556	108.6835709	3.3070889	0.1861798	2.3217676	73.2189026
394.3116455	4.7913761	65.7900848	9.1447153	0.4982653	0.5800658	11.4106436
224.5771027	2.1248198	113.2611847	1.244503	0.1709529	1.035491	75.7339935
237.3241577	-2.8649654	152.456543	7.4664326	0.1625446	7.1155262	33.5411453
404.5963745	-0.375511	184.0132294	9.7658882	0.2623724	2.3301821	15.3786049
336.772522	2.6808424	196.5269775	9.6614857	0.337194	1.1417491	3.1273441
406.7249146	-4.6416755	177.6404419	6.3065796	0.2064819	4.2150192	22.3595581
434.1693115	5.967721	161.2350159	1.2457294	0.3719845	2.3790984	25.4354591
499.2046509	1.9735591	185.9375763	9.7649794	0.2533434	4.3197365	14.0624199
286.8378601	1.6805532	143.6752625	1.6483144	0.238741	1.3637511	55.5579758
499.9985657	6.2625508	199.9999847	1.1309606	0.5254434	1.8484581	0.0000099
499.9603882	-3.0112844	119.6976318	2.3064837	0.1071657	1.2560029	34.1885376
499.9976196	-2.8202617	140.5435333	1.4160242	0.1000121	1.4817622	25.9806099
420.772644	5.4071512	98.7941895	1.1532129	0.5024214	3.9258618	0.0655845
497.258667	1.8179007	148.4827271	2.6292989	0.3519739	3.6426649	51.5172768
354.6233521	1.8196032	164.0396423	4.6191363	0.3196093	4.268147	30.4797745
499.5717773	-0.3520708	50.2856979	2.6286106	0.3820575	6.5795102	38.3680038
478.3658142	-0.4413745	83.5385971	2.7884014	0.3024662	5.2708287	17.6207867
290.2942505	-0.1791427	34.1619873	3.4445691	0.3407056	4.4923811	2.5197644
494.5065002	0.4863283	31.2764359	1.7522148	0.3123611	5.4088764	0.0003721
383.3427734	3.737674	124.8722076	1.3691114	0.508487	4.7157135	75.0678558
319.5914001	2.977088	159.7928772	3.8160164	0.3469965	2.7117515	34.1083908
269.1229858	0.9291977	28.5448494	2.5198355	0.4401146	5.607924	12.5415115
455.6402283	6.4057617	73.8942108	3.4214187	1.0721965	2.8359981	0.0373352
493.4516296	1.7756225	35.3210945	3.5097189	0.4754497	4.8927464	29.1291313
470.1731873	5.2939281	161.279541	1.2336496	0.4000097	4.0608282	6.1732016
499.9996643	2.976229	177.5991211	1.2333668	0.2297158	6.1762681	22.4008789
9.3260336	-1.0694094	135.285553	2.2848783	0.2072339	2.4415374	0.2242646
499.8843994	2.3735826	72.5615311	2.4687896	0.3627092	2.6061969	0.1360464
455.2751465	6.2020655	54.0168304	1.2361453	0.9609083	2.6296904	5.5346146
321.8952026	-0.0314857	53.072876	2.1308746	0.1909376	3.9661832	0.7251477
165.1733704	5.3711996	125.0666504	2.4656062	0.9344777	4.9003286	37.9010849
482.3615112	4.219306	156.6178589	1.2168036	0.1008623	5.3460488	33.1123543
499.9412842	8.3519182	96.4827805	1.1318297	1.0335425	4.1996036	36.7009773
499.8660583	6.8179731	60.7937508	1.1768073	1.171285	4.8192749	18.9884987
441.4577332	9.6842613	94.9441376	1.0790762	0.4651888	6.2414527	36.4790955
435.1335754	8.7427053	122.7492905	1.1694993	0.4157694	5.9547477	77.2507095
251.6038361	8.7523232	56.6952286	1.348125	0.8487959	4.4392133	5.2656012
499.9995117	4.9041052	49.1479568	1.2183251	0.6652721	5.9446383	31.4713249
499.9999084	2.5168288	15.5086231	1.3127476	0.6611398	0.6137533	6.6157198
382.140686	8.4185829	105.8480148	1.3071393	0.5875685	4.4392142	78.7730942
231.2497406	-9.9997692	36.4927216	4.3839235	0.3822654	4.4733582	163.5072784
499.9272156	4.3162255	57.614769	3.5371196	0.5783905	5.1963205	95.6839981
441.1390686	1.5054283	17.9910183	4.3708735	0.520539	3.1864979	1.4393487
325.6959839	3.6247113	53.53825	1.4229937	0.5245383	4.5676465	44.1994476
499.6984863	2.3560765	16.4181213	3.5658712	0.7663103	2.1497467	3.6804104
354.6951294	2.4289262	99.6788101	3.2933304	0.3078598	2.773015	44.1830025
498.9057312	-4.0346699	196.0538025	4.421175	0.2065692	2.3351655	0.6684179
495.3877869	-0.7537029	73.5859528	6.4433403	0.2610395	2.1298909	0.9615159
499.9598389	3.5770893	16.2122841	4.4791832	0.4941901	1.5675044	1.9530696
358.0075378	-5.5447655	97.5663147	3.3778675	0.2130771	4.5414982	29.2064438
159.0695801	-0.4459285	43.964798	2.4481792	0.2655549	7.2343802	156.035202
250.6202393	-0.1850858	30.7661438	9.4167814	0.3486473	4.4392142	99.8708496
97.281456	-0.8008248	27.2760773	4.1395392	0.2668268	8.9712029	86.2178726
30.7717228	-0.0526986	60.1571579	2.9397898	0.7469544	4.247932	98.8383102
290.5726013	-2.0901237	62.323101	4.7960958	0.3065937	4.8508086	0.0000577
28.7452831	-9.9999275	102.1867065	3.3771465	0.4039599	3.4362009	39.2899208
50.9799728	-7.146636	40.9485016	3.1558275	0.2090449	5.2196522	0.0013686
42.6218681	-6.0837178	88.6163483	3.0801694	0.2341698	4.90798	0.0001907
500	-10	119.5360565	2.2668834	0.3951934	0.511615	23.5842705
138.5977173	-6.2578716	27.0979424	3.006639	0.2560337	2.1035514	24.5704079
499.9968872	0.2703953	31.4553089	9.7161026	0.9121308	7.4232717	168.5239868
195.6586914	-9.9917068	91.5560074	9.5868454	0.299346	4.1814017	49.8281097
127.6907196	-1.9766879	11.817522	4.4728003	0.3018504	6.5745244	0.0165373
231.1509705	-9.9897385	60.5209541	6.4827824	0.3778962	0.6363454	4.4668431
225.9309082	-7.5264874	38.5396347	6.3430138	0.4967303	0.2515275	0.1831827
236.5682678	0.6362285	51.9667816	2.9998248	0.2429279	4.536562	92.3549652
473.2910767	1.6497524	72.567749	3.2608681	0.2987567	8.7760115	96.2748718