  -35537.39    
   30225.76    
  -1641.000    
  -65168.48    
   17329.04    
  -5210.153    
  -7432.596    
   7113.575    
   1636.776    
  -84798.00    
  -1461.952    
  -1908.580    
   4646.986    
  -136.2955    
   1975.705    
  -348.7351    
   449.1380    
  -36736.25    
   151346.4    
  -93645.41    
   1931.009    
   1695.223    
  -38516.15    
  -779.0428    
   4.135565    
 -0.8109290    
   131.9413    
   48.39323    
   553.4928    
   318.0817    
  -127.8311    
  -230.1935    
   374.6106    
   116.5578    
  -218.0346    
   104.6881    
  -526.2692    
   527.2733    
  -7.189095    
  -755.2391    
  -71.27423    
  -61.68500    
   4.701322    
  -193.4165    
  -14.85036    
   1471.105    
   8510.721    
   187.1506    
  -1173.913    
  -441.3389    
  -131.9924    
  -311.8894    
   794.5385    
  -8123.865    
  -15615.77    
  -11350.81    
  -5766.586    
  -5430.885    
   2268.485    
  -8708.532    
  -399.6900    
  -723.8043    
   3132.069    
  -21.94250    
  -457.5565    
  -62.55491    
  -380.1106    
  -88.73470    
   1889.695    
   29.44005    
  -165.5868    
  -198.4966    
  -59.23906    
  -39.17763    
  -199.1738    
  -357.8172    
  -13.26020    
  -97.15434    
   105.4647    
  -63.61809    
  -218.6441    
   3.063975    
   7.794772    
  -8.137527    
  -10.11319    
  -55.60449    
   9.993445    
  -10.70778    
  -1766.662    
  -472.2344    
   1006.615    
   113.8802    
  -488.4350    
   1098.461    
  -185.1935    
  -270.5221    
  -78.39628    
  -1289.221    
   139.6034    
  -606.9545    
   3.164773    
  -5.690129    
   37.35149    
   1408.684    
   72.25586    
   23466.89    
   5313.060    
   14.34724    
   1369.073    
  -4103.404    
  -63.68766    
  -45.08833    
   7.477997    
   177.2452    
   10611.28    
  -759.2325    
   114.9506    
   1446.452    
   3439.466    
   1326.573    
  -164.4203    
  -60.99844    
  -399.4955    
   35.25113    
   14.43172    
   2743.731    
  -618.8713    
  -354.0949    
  -372.8150    
   3457.188    
  -1253.530    
   1855.358    
  -1215.120    
  -5100.510    
  -213.1550    
  -2450.140    
  -7712.136    
  -5285.962    
   1992.312    
   613.3144    
  -634.6525    
   727.9750    
   801.9135    
   22.02164    
   1561.796    
  -226.9135    
   1842.178    
   743.8497    
  -282.1250    
   469.9447    
   321.5625    
   2267.388    
  -58.95433    
   549.6022    
   3377.856    
  -319.9856    
   12.38221    
   4328.300    
   2435.581    
  -473.4583    
   163.7350    
   1002.168    
   2321.327    
  -1108.823    
  -726.2897    
   2009.112    
   2251.670    
  -55.08492    
  -176.6994    
   125.5800    
  -5707.870    
  -6713.960    
   2225.920    
  -176.2525    
  -40.63342    
  -565.9100    
  -37.41587    
  -492.6635    
  -629.8269    
  -68.95265    
  -65.93510    
   40.85812    
   189.4994    
   37.74006    
  -28.37750    
   45.81750    
   85.18389    
  -2162.350    
   65.41500    
  -3358.160    
   201.3362    
  -1032.177    
  -110.5612    
   828.6755    
   515.9988    
  -128.9123    
   448.2679    
  -1399.293    
   2050.690    
  -1468.260    
  -39.78726    
   504.9050    
   33.21500    
  -5878.258    
  -57.51036    
  -35299.85    
   484.1600    
  -3012.236    
   5.715625    
   1009.943    
  -789.3683    
  -3524.820    
  -689.6030    
   988.1731    
  -11165.38    
  -1035.883    
  -742.2394    
  -1.355587    
   106.5031    
  -271.6212    
   250.4366    
  -56.57482    
   537.6719    
  -127.3714    
  -11145.67    
  -276.9784    
  -952.5457    
  -164.6738    
  -1023.178    
  -24266.64    
   21.97594    
   1190.967    
   881.8005    
   16.66874    
  -7285.469    
  -6326.776    
   71.39904    
   14.62245    
   4249.096    
  -221.9247    
   1093.388    
  -1145.635    
  -1738.859    
   122.1311    
   346.4554    
   56.03359    
   72.61871    
  -163.4413    
   238.9453    
   6487.389    
   264.1250    
   93.89000    
  -14267.77    
  -17911.30    
  -9811.760    
   1.310961    
  -285.2500    
   1476.822    
   67.36089    
   151.6628    
  -93.63882    
   1061.971    
  -772.5853    
  -839.6947    
  -10.09612    
   105.6212    
   484.9158    
  -3269.312    
  -527.0000    
   6413.404    
   92.45412    
  -178.2737    
  -87.50895    
   7.904687    
   247.9381    
  -1356.523    
  -8826.305    
  -52.68251    
  -1919.128    
  -34.33982    
   91.30273    
  -443.5372    
  -947.4623    
  -566.8550    
  -1948.548    
   14660.67    
  -3.786352    
   109.4806    
  -196.4136    
   5.808894    
   43.21173    
  -9.934997    
  -95.47957    
   14966.01    
   1454.045    
   3015.468    
  -53.53013    
  -319.5287    
   321.9062    
   1311.364    
  -258.7340    
   1827.812    
   551.5842    
  -150.2040    
   457.3616    
  -1746.827    
  -348.7107    
  -599.9504    
  -16.49984    
  -48.87117    
  -180.4962    
  -74.86979    
   14.40415    
  -95.14441    
  -939.4906    
  -11.54270    
  -4560.417    
  -384.0117    
   468.3603    
  -1304.118    
  -60.11510    
  -8.215561    
  -54.19802    
  -44.92949    
   1616.121    
   4893.765    
   233.2708    
   9246.596    
   41792.59    
   16394.64    
  -104368.0    
  -582.6163    
   812.7550    
   891562.2    
  -143.0481    
   1833.041    
   37728.57    
  -27646.36    
  -4061.635    
   3524.024    
  -385.3842    
   44.08000    
  -390.6097    
   51.96541    
   978.7821    
   9272.185    
   862.3267    
  -181.4646    
   237.6175    
   544.2500    
  -48.63124    
  -618.6085    
  -29.91809    
   39.06373    
  -166.6032    
  -504.6192    
   211.6353    
   11.58339    
   88.46701    
  -194.8564    
   421.0228    
